34 3
1 1 0 9000.0        0.0 0.0 0.0
1 1 0 3000.0        0.0 0.0 0.0
1 1 0 1000.0        0.0 0.0 0.0
1 1 0 333.3333      0.0 0.0 0.0
1 1 0 111.1111      0.0 0.0 0.0
1 1 0 37.037037     0.0 0.0 0.0
1 1 0 12.345679     0.0 0.0 0.0
1 1 0 4.11522634    0.0 0.0 0.0
1 1 0 1.3717421     0.0 0.0 0.0
1 1 0 0.457247371   0.0 0.0 0.0
1 1 0 0.15241579    0.0 0.0 0.0
1 1 0 0.050805263   0.0 0.0 0.0
1 1 0 0.016935088   0.0 0.0 0.0
1 1 0 0.005645029269  0.0 0.0 0.0
1 1 0 1.881676423E-03    0.0 0.0 0.0
1 1 0 6.272254744E-04    0.0 0.0 0.0
1 1 0 2.090751581E-04    0.0 0.0 0.0
1 1 0 6.969171938E-05    0.0 0.0 0.0
1 1 0 2.323057313E-05    0.0 0.0 0.0
1 1 0 7.743524375E-06    0.0 0.0 0.0
1 1 0 2.581174792E-06    0.0 0.0 0.0
1 1 0 8.603915972E-07    0.0 0.0 0.0
1 1 0 2.867971991E-07    0.0 0.0 0.0
1 1 0 9.559906636E-08    0.0 0.0 0.0
1 1 0 3.186635545E-08    0.0 0.0 0.0
1 1 0 1.062211848E-08    0.0 0.0 0.0
1 1 0 1.062211848E-08    0.0 0.0 0.0
1 1 0 3.540706160E-09    0.0 0.0 0.0
1 1 0 1.180235390E-09    0.0 0.0 0.0
1 1 0 3.934117956E-10    0.0 0.0 0.0
1 1 0 1.311372652E-10    0.0 0.0 0.0
1 1 0 4.371242173E-11    0.0 0.0 0.0
1 1 0 1.457080724E-11    0.0 0.0 0.0
1 1 0 4.856935748E-12    0.0 0.0 0.0

0.0 0.0 0.0 2.0
0.0 0.0 3.90  -1.0
0.0 0.0 3.90 -1.0

-10.00 .0100












78  3
2 0 0 9000.0        0.0 0.0 0.0
0 2 0 9000.0        0.0 0.0 0.0
0 0 2 9000.0        0.0 0.0 0.0
2 0 0 3000.0        0.0 0.0 0.0
0 2 0 3000.0        0.0 0.0 0.0
0 0 2 3000.0        0.0 0.0 0.0
2 0 0 1000.0        0.0 0.0 0.0
0 2 0 1000.0        0.0 0.0 0.0
0 0 2 1000.0        0.0 0.0 0.0
2 0 0 333.3333      0.0 0.0 0.0
0 2 0 333.3333      0.0 0.0 0.0
0 0 2 333.3333      0.0 0.0 0.0
2 0 0 111.1111      0.0 0.0 0.0
0 2 0 111.1111      0.0 0.0 0.0
0 0 2 111.1111      0.0 0.0 0.0
2 0 0 37.037037     0.0 0.0 0.0
0 2 0 37.037037     0.0 0.0 0.0
0 0 2 37.037037     0.0 0.0 0.0
2 0 0 12.345679     0.0 0.0 0.0
0 2 0 12.345679     0.0 0.0 0.0
0 0 2 12.345679     0.0 0.0 0.0
2 0 0 4.11522634    0.0 0.0 0.0
0 2 0 4.11522634    0.0 0.0 0.0
0 0 2 4.11522634    0.0 0.0 0.0
2 0 0 1.3717421     0.0 0.0 0.0
0 2 0 1.3717421     0.0 0.0 0.0
0 0 2 1.3717421     0.0 0.0 0.0
2 0 0 0.457247371   0.0 0.0 0.0
0 2 0 0.457247371   0.0 0.0 0.0
0 0 2 0.457247371   0.0 0.0 0.0
2 0 0 0.15241579    0.0 0.0 0.0
0 2 0 0.15241579    0.0 0.0 0.0
0 0 2 0.15241579    0.0 0.0 0.0
2 0 0 0.050805263   0.0 0.0 0.0
0 2 0 0.050805263   0.0 0.0 0.0
0 0 2 0.050805263   0.0 0.0 0.0
2 0 0 0.016935088   0.0 0.0 0.0
0 2 0 0.016935088   0.0 0.0 0.0
0 0 2 0.016935088   0.0 0.0 0.0
2 0 0 0.005645029269  0.0 0.0 0.0
0 2 0 0.005645029269  0.0 0.0 0.0
0 0 2 0.005645029269  0.0 0.0 0.0
2 0 0 1.881676423E-03    0.0 0.0 0.0
0 2 0 1.881676423E-03    0.0 0.0 0.0
0 0 2 1.881676423E-03    0.0 0.0 0.0
2 0 0 6.272254744E-04    0.0 0.0 0.0
0 2 0 6.272254744E-04    0.0 0.0 0.0
0 0 2 6.272254744E-04    0.0 0.0 0.0
2 0 0 2.090751581E-04    0.0 0.0 0.0
0 2 0 2.090751581E-04    0.0 0.0 0.0
0 0 2 2.090751581E-04    0.0 0.0 0.0
2 0 0 6.969171938E-05    0.0 0.0 0.0
0 2 0 6.969171938E-05    0.0 0.0 0.0
0 0 2 6.969171938E-05    0.0 0.0 0.0
2 0 0 2.323057313E-05    0.0 0.0 0.0
0 2 0 2.323057313E-05    0.0 0.0 0.0
0 0 2 2.323057313E-05    0.0 0.0 0.0
2 0 0 7.743524375E-06    0.0 0.0 0.0
0 2 0 7.743524375E-06    0.0 0.0 0.0
0 0 2 7.743524375E-06    0.0 0.0 0.0
2 0 0 2.581174792E-06    0.0 0.0 0.0
0 2 0 2.581174792E-06    0.0 0.0 0.0
0 0 2 2.581174792E-06    0.0 0.0 0.0
2 0 0 8.603915972E-07    0.0 0.0 0.0
0 2 0 8.603915972E-07    0.0 0.0 0.0
0 0 2 8.603915972E-07    0.0 0.0 0.0
2 0 0 2.867971991E-07    0.0 0.0 0.0
0 2 0 2.867971991E-07    0.0 0.0 0.0
0 0 2 2.867971991E-07    0.0 0.0 0.0
2 0 0 9.559906636E-08    0.0 0.0 0.0
0 2 0 9.559906636E-08    0.0 0.0 0.0
0 0 2 9.559906636E-08    0.0 0.0 0.0
2 0 0 3.186635545E-08    0.0 0.0 0.0
0 2 0 3.186635545E-08    0.0 0.0 0.0
0 0 2 3.186635545E-08    0.0 0.0 0.0
2 0 0 1.062211848E-08    0.0 0.0 0.0
0 2 0 1.062211848E-08    0.0 0.0 0.0
0 0 2 1.062211848E-08    0.0 0.0 0.0

0.0 0.0 0.0 2.0
0.0 0.0 3.9 0.0
0.0 0.0 3.9 0.0



2 0 0 200.0 0.0 0.0 0.0
0 2 0 200.0 0.0 0.0 0.0
0 0 2 200.0 0.0 0.0 0.0
1 1 0 200.0 0.0 0.0 0.0
1 0 1 200.0 0.0 0.0 0.0
0 1 1 200.0 0.0 0.0 0.0
2 0 0 100.0 0.0 0.0 0.0
0 2 0 100.0 0.0 0.0 0.0
0 0 2 100.0 0.0 0.0 0.0
1 1 0 100.0 0.0 0.0 0.0
1 0 1 100.0 0.0 0.0 0.0
0 1 1 100.0 0.0 0.0 0.0

