title temper 44 bf's 1.90
7  //nbasis
 1 1 0  0.00  0.00  0.00  9000.0000000000000
 1 1 0  0.00  0.00  0.00  3000.0000000000000
 1 1 0  0.00  0.00  0.00  1000.0000000000000
 1 1 0  0.00  0.00  0.00  333.33333333333333
 1 1 0  0.00  0.00  0.00  111.11111111111111
 1 1 0  0.00  0.00  0.00  1.881676423E-003   
 1 1 0  0.00  0.00  0.00  1.062211848E-08   
-31.2650    1.00 20.0                   // -3.15094405// Q    
1   1  1.00000 0.00  0.00000000 0.000   //nthet,nalp,alpstrt,alpstp,thstart,thste
-10  0.0                    //min mix