  0. ++   3.43163501  0.
  1. ++   3.42714246 -0.00344493628
  2. ++   3.42527287 -0.00331549109
  3. ++   3.42459054 -0.00305556488
  4. ++   3.42431707 -0.00298343588
  5. ++   3.42420122 -0.00304311648
  6. ++   3.42415905 -0.00318387708
  7. ++   3.42415762 -0.00337548539
  8. ++   3.42418208 -0.00360012982
  9. ++   3.42422499 -0.00384684772
  10. ++   3.42428227 -0.00410858946
  11. ++   3.42435151 -0.00438060636
  12. ++   3.42443118 -0.00465958198
  13. ++   3.42452025 -0.00494308117
  14. ++   3.42461801 -0.00522930286
  15. ++   3.42472389 -0.00551685697
  16. ++   3.42483747 -0.00580464579
  17. ++   3.42495837 -0.00609178433
  18. ++   3.42508629 -0.00637751115
  19. ++   3.42522093 -0.00666125392
  20. ++   3.42536202 -0.0069424556
  21. ++   3.42550932 -0.00722069281
  22. ++   3.42566258 -0.00749556436
  23. ++   3.42582156 -0.00776676708
  24. ++   3.42598603 -0.00803397454
  25. ++   3.42615576 -0.00829691544
  26. ++   3.4263305 -0.00855537885
  27. ++   3.42651005 -0.00880914187
  28. ++   3.42669415 -0.00905803604
  29. ++   3.4268826 -0.00930191136
  30. ++   3.42707516 -0.00954059212
  31. ++   3.4272716 -0.00977399596
  32. ++   3.4274717 -0.0100019774
  33. ++   3.42767524 -0.0102244689
  34. ++   3.42788198 -0.0104414027
  35. ++   3.42809173 -0.0106526456
  36. ++   3.42830424 -0.0108582407
  37. ++   3.42851932 -0.0110581044
  38. ++   3.42873674 -0.0112522207
  39. ++   3.42895631 -0.0114405216
  40. ++   3.42917781 -0.0116230617
  41. ++   3.42940104 -0.0117998342
  42. ++   3.42962581 -0.0119708337
  43. ++   3.42985191 -0.0121360791
  44. ++   3.43007918 -0.0122955623
  45. ++   3.4303074 -0.0124494208
  46. ++   3.43053643 -0.0125976028
  47. ++   3.43076607 -0.0127401895
  48. ++   3.43099616 -0.0128772359
  49. ++   3.43122654 -0.0130087915
  50. ++   3.43145704 -0.0131349272
  51. ++   3.43168752 -0.0132557348
  52. ++   3.43191783 -0.0133712316
  53. ++   3.43214784 -0.0134815519
  54. ++   3.4323774 -0.0135867782
  55. ++   3.43260638 -0.0136869642
  56. ++   3.43283468 -0.0137822309
  57. ++   3.43306216 -0.0138726452
  58. ++   3.43328871 -0.0139583198
  59. ++   3.43351424 -0.0140393299
  60. ++   3.43373862 -0.0141157634
  61. ++   3.43396179 -0.0141877812
  62. ++   3.43418363 -0.0142554017
  63. ++   3.43440407 -0.0143188137
  64. ++   3.43462303 -0.0143780464
  65. ++   3.43484044 -0.0144332188
  66. ++   3.43505622 -0.01448447
  67. ++   3.4352703 -0.0145318554
  68. ++   3.43548264 -0.0145755213
  69. ++   3.43569316 -0.0146155294
  70. ++   3.43590184 -0.0146519758
  71. ++   3.43610861 -0.0146850188
  72. ++   3.43631342 -0.0147147349
  73. ++   3.43651625 -0.0147411966
  74. ++   3.43671707 -0.0147644923
  75. ++   3.43691582 -0.0147847699
  76. ++   3.43711249 -0.0148021004
  77. ++   3.43730705 -0.0148166025
  78. ++   3.43749949 -0.014828274
  79. ++   3.43768978 -0.0148373316
  80. ++   3.43787791 -0.0148437695
  81. ++   3.43806386 -0.0148477545
  82. ++   3.43824763 -0.0148493154
  83. ++   3.43842921 -0.0148485416
  84. ++   3.43860858 -0.0148455436
  85. ++   3.43878576 -0.0148403687
  86. ++   3.43896073 -0.0148331253
  87. ++   3.4391335 -0.0148239274
  88. ++   3.43930408 -0.0148126936
  89. ++   3.43947246 -0.0147997088
  90. ++   3.43963864 -0.0147849169
  91. ++   3.43980266 -0.0147683979
  92. ++   3.4399645 -0.014750234
  93. ++   3.44012418 -0.0147305132
  94. ++   3.44028172 -0.0147092478
  95. ++   3.44043713 -0.0146865306
  96. ++   3.44059041 -0.0146624824
  97. ++   3.44074159 -0.0146370497
  98. ++   3.44089068 -0.0146103224
  99. ++   3.44103771 -0.0145824291
  100. ++   3.44118267 -0.0145534049
