1.0000000000000000    0.0000009442814370
1.0000000000000000    0.0000034759894627
1.0000000000000000    0.0000109006875291
1.0000000000000000    0.0000330001568967
1.0000000000000000    0.0000990371596441
1.0000000000000000    0.0002962626145093
1.0000000000000000    0.0008836102636424
1.0000000000000000    0.0026206835785584
1.0000000000000000    0.0040927311601269
1.0000000000000000    0.0077662303787464
1.0500000000000000    0.0000009914549445
1.0500000000000000    0.0000036496643714
1.0500000000000000    0.0000114452577885
1.0500000000000000    0.0000346479394770
1.0500000000000000    0.0001039772068282
1.0500000000000000    0.0003110138773691
1.0500000000000000    0.0009274624363349
1.0500000000000000    0.0027493189588366
1.0500000000000000    0.0040779383648413
1.0500000000000000    0.0081458913951107
1.1000000000000001    0.0000010386383260
1.1000000000000001    0.0000038234253117
1.1000000000000001    0.0000119898177671
1.1000000000000001    0.0000362954837591
1.1000000000000001    0.0001089164003638
1.1000000000000001    0.0003257607875723
1.1000000000000001    0.0009712906250279
1.1000000000000001    0.0028775686097184
1.1000000000000001    0.0040652682988046
1.1000000000000001    0.0085251802586134
