minalp = 0.0000000000000000
maxalp = 0.0000003000000000
step   = 0.0000000030000000
nbasis =  26
nnuc =  3
min =  -10.0000000000000000
max =  1000000000.0000000000000000
 info =   0
  0. ++   1800891.14  0.
  0. ++   574787.83  0.
  0. ++   189516.687  0.
  0. ++   62675.2936  0.
  0. ++   20649.3924  0.
  0. ++   6747.89761  0.
  0. ++   2173.47608  0.
  0. ++   682.81688  0.
  0. ++   205.621303  0.
  0. ++   57.866502  0.
  0. ++   14.9538647  0.
  0. ++   3.77511135  0.
  0. ++   1.05483069  0.
  0. ++   0.328767027  0.
  0. ++   0.109271088  0.
  0. ++   0.0375508039  0.
  0. ++   0.0167217195  0.
  0. ++   0.0123843175  0.
  0. ++   0.00429687952  0.
  0. ++   0.00145235212  0.
  0. ++   0.000487764742  0.
  0. ++   0.000163207018  0.
  0. ++   5.44111185E-05  0.
  0. ++   1.79786387E-05  0.
  0. ++   5.73393889E-06  0.
  0. ++   1.55784507E-06  0.
 info =   0
  3.E-09 ++   1800891.14 -5.09097751E-14
  3.E-09 ++   574787.83 -2.37083272E-13
  3.E-09 ++   189516.687 -1.06313382E-12
  3.E-09 ++   62675.2936 -4.73886893E-12
  3.E-09 ++   20649.3924 -2.12357307E-11
  3.E-09 ++   6747.89761 -9.6063664E-11
  3.E-09 ++   2173.47608 -4.42172645E-10
  3.E-09 ++   682.81688 -2.09903447E-09
  3.E-09 ++   205.621303 -1.05276804E-08
  3.E-09 ++   57.866502 -5.81623845E-08
  3.E-09 ++   14.9538647 -3.71297011E-07
  3.E-09 ++   3.77511132 -2.54872268E-06
  3.E-09 ++   1.05483044 -1.4232072E-05
  3.E-09 ++   0.328765245 -6.01178371E-05
  3.E-09 ++   0.109259737 -0.000210457956
  3.E-09 ++   0.0374820236 -0.000635637741
  3.E-09 ++   0.00386998141 -0.00365247699
  3.E-09 ++   0.0120700715 -0.00160207083
  3.E-09 ++   0.016664178 -0.000125518264
 info =   0
  6.E-09 ++   1800891.14 -1.0035619E-13
  6.E-09 ++   574787.83 -4.72726896E-13
  6.E-09 ++   189516.687 -2.12512292E-12
  6.E-09 ++   62675.2936 -9.48077068E-12
  6.E-09 ++   20649.3924 -4.24710484E-11
  6.E-09 ++   6747.89761 -1.92123221E-10
  6.E-09 ++   2173.47608 -8.84343556E-10
  6.E-09 ++   682.81688 -4.19805144E-09
  6.E-09 ++   205.621303 -2.10544141E-08
  6.E-09 ++   57.866502 -1.16266508E-07
  6.E-09 ++   14.9538647 -7.4058539E-07
  6.E-09 ++   3.77511127 -5.07180231E-06
  6.E-09 ++   1.05483005 -2.82348149E-05
  6.E-09 ++   0.328762519 -0.000118620894
  6.E-09 ++   0.109242469 -0.000410595401
  6.E-09 ++   0.0373809784 -0.00120591796
  6.E-09 ++   0.00421402511 -0.00728502594
  6.E-09 ++   0.0117249043 -0.00287276062
  6.E-09 ++   0.0165964393 -0.000181410966
 info =   0
  9.E-09 ++   1800891.14 -1.5180887E-13
  9.E-09 ++   574787.83 -7.08346947E-13
  9.E-09 ++   189516.687 -3.1898979E-12
  9.E-09 ++   62675.2936 -1.42177783E-11
  9.E-09 ++   20649.3924 -6.37060771E-11
  9.E-09 ++   6747.89761 -2.8818573E-10
  9.E-09 ++   2173.47608 -1.32651771E-09
  9.E-09 ++   682.81688 -6.29703486E-09
  9.E-09 ++   205.621303 -3.15792941E-08
  9.E-09 ++   57.866502 -1.74278736E-07
  9.E-09 ++   14.9538647 -1.10850338E-06
  9.E-09 ++   3.77511122 -7.58015767E-06
  9.E-09 ++   1.05482958 -4.21077525E-05
  9.E-09 ++   0.328759284 -0.000176214305
  9.E-09 ++   0.10922204 -0.000604890438
  9.E-09 ++   0.037265838 -0.00173902006
  9.E-09 ++   0.0114315381 -0.00395055583
  9.E-09 ++   0.0165449342 -0.00020881754
 info =   0
  1.2E-08 ++   1800891.14 -1.98257805E-13
  1.2E-08 ++   574787.83 -9.51448595E-13
  1.2E-08 ++   189516.687 -4.2471776E-12
  1.2E-08 ++   62675.2936 -1.8956113E-11
  1.2E-08 ++   20649.3924 -8.49407513E-11
  1.2E-08 ++   6747.89761 -3.84249865E-10
  1.2E-08 ++   2173.47608 -1.7686856E-09
  1.2E-08 ++   682.81688 -8.39596324E-09
  1.2E-08 ++   205.621303 -4.21014929E-08
  1.2E-08 ++   57.866502 -2.32193144E-07
  1.2E-08 ++   14.9538647 -1.47537077E-06
  1.2E-08 ++   3.77511116 -1.00773069E-05
  1.2E-08 ++   1.05482906 -5.58839391E-05
  1.2E-08 ++   0.328755679 -0.000233134492
  1.2E-08 ++   0.109199363 -0.000794842861
  1.2E-08 ++   0.037142728 -0.00224488754
  1.2E-08 ++   0.0112648101 -0.00493392586
  1.2E-08 ++   0.0165076104 -0.000225384573
 info =   0
  1.5E-08 ++   1800891.14 -2.54690487E-13
  1.5E-08 ++   574787.83 -1.18926355E-12
  1.5E-08 ++   189516.687 -5.3073847E-12
  1.5E-08 ++   62675.2936 -2.36995253E-11
  1.5E-08 ++   20649.3924 -1.06175107E-10
  1.5E-08 ++   6747.89761 -4.80312296E-10
  1.5E-08 ++   2173.47608 -2.21085329E-09
  1.5E-08 ++   682.81688 -1.0494829E-08
  1.5E-08 ++   205.621303 -5.26202821E-08
  1.5E-08 ++   57.866502 -2.90018969E-07
  1.5E-08 ++   14.9538647 -1.84137673E-06
  1.5E-08 ++   3.7751111 -1.25654256E-05
  1.5E-08 ++   1.0548285 -6.95813267E-05
  1.5E-08 ++   0.328751762 -0.000289502982
  1.5E-08 ++   0.109174809 -0.000981227333
  1.5E-08 ++   0.0370139405 -0.00272889905
  1.5E-08 ++   0.0112000081 -0.00591234554
  1.5E-08 ++   0.016480108 -0.000237512638
 info =   0
  1.8E-08 ++   1800891.14 -2.98472383E-13
  1.8E-08 ++   574787.83 -1.41763766E-12
  1.8E-08 ++   189516.687 -6.37271351E-12
  1.8E-08 ++   62675.2936 -2.84344173E-11
  1.8E-08 ++   20649.3924 -1.27417039E-10
  1.8E-08 ++   6747.89761 -5.76372791E-10
  1.8E-08 ++   2173.47608 -2.65302053E-09
  1.8E-08 ++   682.81688 -1.2593608E-08
  1.8E-08 ++   205.621303 -6.31350577E-08
  1.8E-08 ++   57.866502 -3.47768841E-07
  1.8E-08 ++   14.9538647 -2.20665606E-06
  1.8E-08 ++   3.77511103 -1.50457509E-05
  1.8E-08 ++   1.05482789 -8.32096683E-05
  1.8E-08 ++   0.328747576 -0.000345386978
  1.8E-08 ++   0.109148669 -0.00116446822
  1.8E-08 ++   0.0368812274 -0.00319399258
  1.8E-08 ++   0.0111950861 -0.00691173091
  1.8E-08 ++   0.0164596417 -0.000247579301
 info =   0
  2.1E-08 ++   1800891.14 -3.61490059E-13
  2.1E-08 ++   574787.83 -1.6520067E-12
  2.1E-08 ++   189516.687 -7.43471446E-12
  2.1E-08 ++   62675.2936 -3.31741006E-11
  2.1E-08 ++   20649.3924 -1.48647336E-10
  2.1E-08 ++   6747.89761 -6.72440745E-10
  2.1E-08 ++   2173.47608 -3.09519004E-09
  2.1E-08 ++   682.81688 -1.46922796E-08
  2.1E-08 ++   205.621303 -7.364538E-08
  2.1E-08 ++   57.866502 -4.05453114E-07
  2.1E-08 ++   14.9538647 -2.57129516E-06
  2.1E-08 ++   3.77511095 -1.75190533E-05
  2.1E-08 ++   1.05482726 -9.67760294E-05
  2.1E-08 ++   0.328743162 -0.000400838005
  2.1E-08 ++   0.109121209 -0.00134489052
  2.1E-08 ++   0.0367462622 -0.00364248695
  2.1E-08 ++   0.0112254637 -0.00793359133
  2.1E-08 ++   0.0164445153 -0.000256722482
 info =   0
  2.4E-08 ++   1800891.14 -4.00811198E-13
  2.4E-08 ++   574787.83 -1.89104901E-12
  2.4E-08 ++   189516.687 -8.49492166E-12
  2.4E-08 ++   62675.2936 -3.79167104E-11
  2.4E-08 ++   20649.3924 -1.69881219E-10
  2.4E-08 ++   6747.89761 -7.68491941E-10
  2.4E-08 ++   2173.47608 -3.53734548E-09
  2.4E-08 ++   682.81688 -1.6790833E-08
  2.4E-08 ++   205.621303 -8.41508929E-08
  2.4E-08 ++   57.866502 -4.63079138E-07
  2.4E-08 ++   14.9538647 -2.9353503E-06
  2.4E-08 ++   3.77511088 -1.99859373E-05
  2.4E-08 ++   1.05482659 -0.000110286539
  2.4E-08 ++   0.328738549 -0.000455901052
  2.4E-08 ++   0.109092633 -0.00152278117
  2.4E-08 ++   0.0366102951 -0.00407656676
  2.4E-08 ++   0.0112786637 -0.00897477683
  2.4E-08 ++   0.0164335625 -0.000265582861
 info =   0
  2.7E-08 ++   1800891.14 -4.46174575E-13
  2.7E-08 ++   574787.83 -2.13509535E-12
  2.7E-08 ++   189516.687 -9.56414721E-12
  2.7E-08 ++   62675.2936 -4.26565919E-11
  2.7E-08 ++   20649.3924 -1.91123825E-10
  2.7E-08 ++   6747.89761 -8.64563089E-10
  2.7E-08 ++   2173.47608 -3.97950993E-09
  2.7E-08 ++   682.81688 -1.88892566E-08
  2.7E-08 ++   205.621303 -9.46514151E-08
  2.7E-08 ++   57.866502 -5.20651863E-07
  2.7E-08 ++   14.9538647 -3.2988633E-06
  2.7E-08 ++   3.77511079 -2.24469395E-05
  2.7E-08 ++   1.05482589 -0.00012374653
  2.7E-08 ++   0.32873376 -0.000510614313
  2.7E-08 ++   0.109063081 -0.00169838678
  2.7E-08 ++   0.0364740223 -0.00449819558
  2.7E-08 ++   0.0164259118 -0.00027451941
 info =   0
  3.E-08 ++   1800891.14 -4.97886647E-13
  3.E-08 ++   574787.83 -2.37345264E-12
  3.E-08 ++   189516.687 -1.06100019E-11
  3.E-08 ++   62675.2936 -4.73890906E-11
  3.E-08 ++   20649.3924 -2.12352645E-10
  3.E-08 ++   6747.89761 -9.60622561E-10
  3.E-08 ++   2173.47608 -4.42166893E-09
  3.E-08 ++   682.81688 -2.09875352E-08
  3.E-08 ++   205.621303 -1.05146801E-07
  3.E-08 ++   57.866502 -5.78174911E-07
  3.E-08 ++   14.9538647 -3.66186971E-06
  3.E-08 ++   3.77511071 -2.49025411E-05
  3.E-08 ++   1.05482518 -0.000137160438
  3.E-08 ++   0.328728805 -0.000565008542
  3.E-08 ++   0.109032645 -0.00187190778
  3.E-08 ++   0.0363376882 -0.00490897141
  3.E-08 ++   0.0164208939 -0.000283712137
 info =   0
  3.3E-08 ++   1800891.14 -5.57151584E-13
  3.3E-08 ++   574787.83 -2.60945028E-12
  3.3E-08 ++   189516.687 -1.16774077E-11
  3.3E-08 ++   62675.2936 -5.21376481E-11
  3.3E-08 ++   20649.3924 -2.33583697E-10
  3.3E-08 ++   6747.89761 -1.05668804E-09
  3.3E-08 ++   2173.47608 -4.86381222E-09
  3.3E-08 ++   682.81688 -2.30856556E-08
  3.3E-08 ++   205.621303 -1.15637088E-07
  3.3E-08 ++   57.866502 -6.35651076E-07
  3.3E-08 ++   14.9538647 -4.02440204E-06
  3.3E-08 ++   3.77511062 -2.73531602E-05
  3.3E-08 ++   1.05482443 -0.000150531806
  3.3E-08 ++   0.328723696 -0.00061910766
  3.3E-08 ++   0.109001388 -0.0020435009
  3.3E-08 ++   0.0362012697 -0.0053100722
  3.3E-08 ++   0.0164179931 -0.000293229877
 info =   0
  3.6E-08 ++   1800891.14 -6.04804274E-13
  3.6E-08 ++   574787.83 -2.83539332E-12
  3.6E-08 ++   189516.687 -1.27510444E-11
  3.6E-08 ++   62675.2936 -5.68697079E-11
  3.6E-08 ++   20649.3924 -2.54832403E-10
  3.6E-08 ++   6747.89761 -1.152749E-09
  3.6E-08 ++   2173.47608 -5.30596988E-09
  3.6E-08 ++   682.81688 -2.51835909E-08
  3.6E-08 ++   205.621303 -1.26122348E-07
  3.6E-08 ++   57.866502 -6.9308284E-07
  3.6E-08 ++   14.9538647 -4.38649044E-06
  3.6E-08 ++   3.77511054 -2.9799148E-05
  3.6E-08 ++   1.05482367 -0.000163863412
  3.6E-08 ++   0.32871844 -0.000672930122
  3.6E-08 ++   0.108969363 -0.00221328718
  3.6E-08 ++   0.0360646443 -0.00570228603
  3.6E-08 ++   0.0164168124 -0.000303076353
 info =   0
  3.9E-08 ++   1800891.14 -6.5073401E-13
  3.9E-08 ++   574787.83 -3.07186291E-12
  3.9E-08 ++   189516.687 -1.38022828E-11
  3.9E-08 ++   62675.2936 -6.16071725E-11
  3.9E-08 ++   20649.3924 -2.76066192E-10
  3.9E-08 ++   6747.89761 -1.24881722E-09
  3.9E-08 ++   2173.47608 -5.74810672E-09
  3.9E-08 ++   682.81688 -2.72813344E-08
  3.9E-08 ++   205.621303 -1.36602641E-07
  3.9E-08 ++   57.866502 -7.50472442E-07
  3.9E-08 ++   14.9538647 -4.74816241E-06
  3.9E-08 ++   3.77511044 -3.22407932E-05
  3.9E-08 ++   1.05482289 -0.000177157448
  3.9E-08 ++   0.328713043 -0.000726490412
  3.9E-08 ++   0.108936614 -0.00238136148
  3.9E-08 ++   0.0359277106 -0.00608608641
  3.9E-08 ++   0.0164170453 -0.000313219901
 info =   0
  4.2E-08 ++   1800891.14 -7.10636204E-13
  4.2E-08 ++   574787.83 -3.32107783E-12
  4.2E-08 ++   189516.687 -1.48706327E-11
  4.2E-08 ++   62675.2936 -6.63582084E-11
  4.2E-08 ++   20649.3924 -2.97307369E-10
  4.2E-08 ++   6747.89761 -1.34486622E-09
  4.2E-08 ++   2173.47608 -6.19025007E-09
  4.2E-08 ++   682.81688 -2.9378883E-08
  4.2E-08 ++   205.621303 -1.47078245E-07
  4.2E-08 ++   57.866502 -8.07822043E-07
  4.2E-08 ++   14.9538646 -5.10944252E-06
  4.2E-08 ++   3.77511035 -3.46783307E-05
  4.2E-08 ++   1.05482208 -0.000190415679
  4.2E-08 ++   0.328707513 -0.000779800342
  4.2E-08 ++   0.108903189 -0.0025478009
  4.2E-08 ++   0.0357904584 -0.0064617207
  4.2E-08 ++   0.0164184543 -0.00032361169
 info =   0
  4.5E-08 ++   1800891.14 -7.64024212E-13
  4.5E-08 ++   574787.83 -3.55089144E-12
  4.5E-08 ++   189516.687 -1.59283144E-11
  4.5E-08 ++   62675.2936 -7.1083754E-11
  4.5E-08 ++   20649.3924 -3.18520365E-10
  4.5E-08 ++   6747.89761 -1.4409193E-09
  4.5E-08 ++   2173.47608 -6.63239015E-09
  4.5E-08 ++   682.81688 -3.14762202E-08
  4.5E-08 ++   205.621303 -1.57549234E-07
  4.5E-08 ++   57.866502 -8.65133644E-07
  4.5E-08 ++   14.9538646 -5.47035245E-06
  4.5E-08 ++   3.77511025 -3.71119527E-05
  4.5E-08 ++   1.05482126 -0.000203639591
  4.5E-08 ++   0.328701856 -0.000832870028
  4.5E-08 ++   0.108869132 -0.00271267132
  4.5E-08 ++   0.0356530012 -0.00682929378
  4.5E-08 ++   0.0164208529 -0.000334196396
 info =   0
  4.8E-08 ++   1800891.14 -7.88287194E-13
  4.8E-08 ++   574787.83 -3.79040598E-12
  4.8E-08 ++   189516.687 -1.69981041E-11
  4.8E-08 ++   62675.2936 -7.5841658E-11
  4.8E-08 ++   20649.3924 -3.39771101E-10
  4.8E-08 ++   6747.89761 -1.53699594E-09
  4.8E-08 ++   2173.47608 -7.07452973E-09
  4.8E-08 ++   682.81688 -3.35733278E-08
  4.8E-08 ++   205.621303 -1.68015799E-07
  4.8E-08 ++   57.866502 -9.22409198E-07
  4.8E-08 ++   14.9538646 -5.83091077E-06
  4.8E-08 ++   3.77511016 -3.95418192E-05
  4.8E-08 ++   1.05482042 -0.000216830481
  4.8E-08 ++   0.328696079 -0.000885708541
  4.8E-08 ++   0.108834492 -0.00287603192
  4.8E-08 ++   0.0355155821 -0.00718883925
  4.8E-08 ++   0.0164240935 -0.000344918195
 info =   0
  5.1E-08 ++   1800891.14 -8.52366966E-13
  5.1E-08 ++   574787.83 -4.04629984E-12
  5.1E-08 ++   189516.687 -1.80531658E-11
  5.1E-08 ++   62675.2936 -8.05521925E-11
  5.1E-08 ++   20649.3924 -3.61008171E-10
  5.1E-08 ++   6747.89761 -1.63304617E-09
  5.1E-08 ++   2173.47608 -7.51664412E-09
  5.1E-08 ++   682.81688 -3.56702118E-08
  5.1E-08 ++   205.621303 -1.78478135E-07
  5.1E-08 ++   57.866502 -9.79650347E-07
  5.1E-08 ++   14.9538646 -6.19113346E-06
  5.1E-08 ++   3.77511006 -4.19680668E-05
  5.1E-08 ++   1.05481956 -0.000229989533
  5.1E-08 ++   0.328690188 -0.000938324327
  5.1E-08 ++   0.108799313 -0.00303793796
  5.1E-08 ++   0.0353785631 -0.00754037639
  5.1E-08 ++   0.0164280574 -0.000355723946
 info =   0
  5.4E-08 ++   1800891.14 -9.02309062E-13
  5.4E-08 ++   574787.83 -4.24875904E-12
  5.4E-08 ++   189516.687 -1.90972762E-11
  5.4E-08 ++   62675.2936 -8.53125983E-11
  5.4E-08 ++   20649.3924 -3.82240827E-10
  5.4E-08 ++   6747.89761 -1.72912975E-09
  5.4E-08 ++   2173.47608 -7.95876048E-09
  5.4E-08 ++   682.81688 -3.77668118E-08
  5.4E-08 ++   205.621303 -1.88936459E-07
  5.4E-08 ++   57.866502 -1.03685862E-06
  5.4E-08 ++   14.9538646 -6.55103419E-06
  5.4E-08 ++   3.77510995 -4.43908156E-05
  5.4E-08 ++   1.05481869 -0.000243117856
  5.4E-08 ++   0.328684192 -0.000990725423
  5.4E-08 ++   0.10876364 -0.00319844247
  5.4E-08 ++   0.0352424041 -0.00788395308
  5.4E-08 ++   0.0164326478 -0.000366564734
 info =   0
  5.7E-08 ++   1800891.14 -9.40591708E-13
  5.7E-08 ++   574787.83 -4.48190063E-12
  5.7E-08 ++   189516.687 -2.01690955E-11
  5.7E-08 ++   62675.2936 -9.00447288E-11
  5.7E-08 ++   20649.3924 -4.03472351E-10
  5.7E-08 ++   6747.89761 -1.82519733E-09
  5.7E-08 ++   2173.47608 -8.40087584E-09
  5.7E-08 ++   682.81688 -3.98631943E-08
  5.7E-08 ++   205.621303 -1.99390988E-07
  5.7E-08 ++   57.866502 -1.09403562E-06
  5.7E-08 ++   14.9538646 -6.91062469E-06
  5.7E-08 ++   3.77510985 -4.68101747E-05
  5.7E-08 ++   1.0548178 -0.000256216511
  5.7E-08 ++   0.328678094 -0.00104291957
  5.7E-08 ++   0.108727513 -0.00335759689
  5.7E-08 ++   0.0351076358 -0.00821967626
  5.7E-08 ++   0.0164377842 -0.000377396486
 info =   0
  6.E-08 ++   1800891.14 -9.9879455E-13
  6.E-08 ++   574787.83 -4.73557608E-12
  6.E-08 ++   189516.687 -2.12548875E-11
  6.E-08 ++   62675.2936 -9.47810134E-11
  6.E-08 ++   20649.3924 -4.2469854E-10
  6.E-08 ++   6747.89761 -1.92122992E-09
  6.E-08 ++   2173.47608 -8.84297161E-09
  6.E-08 ++   682.81688 -4.19592868E-08
  6.E-08 ++   205.621303 -2.09841771E-07
  6.E-08 ++   57.866502 -1.15118242E-06
  6.E-08 ++   14.9538646 -7.26991506E-06
  6.E-08 ++   3.77510974 -4.92262455E-05
  6.E-08 ++   1.0548169 -0.000269286517
  6.E-08 ++   0.328671901 -0.00109491423
  6.E-08 ++   0.108690971 -0.00351545133
  6.E-08 ++   0.03497483 -0.00854773064
  6.E-08 ++   0.0164433991 -0.000388180064
 info =   0
  6.3E-08 ++   1800891.14 -1.04632905E-12
  6.3E-08 ++   574787.83 -4.98330416E-12
  6.3E-08 ++   189516.687 -2.23102801E-11
  6.3E-08 ++   62675.2936 -9.95441575E-11
  6.3E-08 ++   20649.3924 -4.45941818E-10
  6.3E-08 ++   6747.89761 -2.01728608E-09
  6.3E-08 ++   2173.47608 -9.28507914E-09
  6.3E-08 ++   682.81688 -4.40551376E-08
  6.3E-08 ++   205.621303 -2.20289098E-07
  6.3E-08 ++   57.866502 -1.20830025E-06
  6.3E-08 ++   14.9538646 -7.6289142E-06
  6.3E-08 ++   3.77510964 -5.16391247E-05
  6.3E-08 ++   1.05481598 -0.00028232886
  6.3E-08 ++   0.328665618 -0.0011467166
  6.3E-08 ++   0.108654046 -0.00367205443
  6.3E-08 ++   0.0348445702 -0.0088683876
  6.3E-08 ++   0.0164494347 -0.000398881109
 info =   0
  6.6E-08 ++   1800891.14 -1.09457222E-12
  6.6E-08 ++   574787.83 -5.20341914E-12
  6.6E-08 ++   189516.687 -2.33764899E-11
  6.6E-08 ++   62675.2936 -1.04260788E-10
  6.6E-08 ++   20649.3924 -4.67169352E-10
  6.6E-08 ++   6747.89761 -2.11337086E-09
  6.6E-08 ++   2173.47608 -9.72717344E-09
  6.6E-08 ++   682.81688 -4.61507463E-08
  6.6E-08 ++   205.621303 -2.30732968E-07
  6.6E-08 ++   57.866502 -1.26538999E-06
  6.6E-08 ++   14.9538646 -7.98763002E-06
  6.6E-08 ++   3.77510953 -5.40489045E-05
  6.6E-08 ++   1.05481505 -0.000295344487
  6.6E-08 ++   0.328659248 -0.00119833356
  6.6E-08 ++   0.108616769 -0.00382745318
  6.6E-08 ++   0.0347174235 -0.00918200508
  6.6E-08 ++   0.0164558407 -0.000409469728
 info =   0
  6.9E-08 ++   1800891.14 -1.15386076E-12
  6.9E-08 ++   574787.83 -5.46870658E-12
  6.9E-08 ++   189516.687 -2.44501014E-11
  6.9E-08 ++   62675.2936 -1.08989325E-10
  6.9E-08 ++   20649.3924 -4.8840576E-10
  6.9E-08 ++   6747.89761 -2.20942575E-09
  6.9E-08 ++   2173.47608 -1.016925E-08
  6.9E-08 ++   682.81688 -4.82459928E-08
  6.9E-08 ++   205.621303 -2.4117361E-07
  6.9E-08 ++   57.866502 -1.3224526E-06
  6.9E-08 ++   14.9538646 -8.34606975E-06
  6.9E-08 ++   3.77510941 -5.64556745E-05
  6.9E-08 ++   1.05481411 -0.000308334306
  6.9E-08 ++   0.328652796 -0.00124977166
  6.9E-08 ++   0.108579166 -0.00398169256
  6.9E-08 ++   0.0345939163 -0.00948902015
  6.9E-08 ++   0.016462573 -0.000419920147
 info =   0
  7.2E-08 ++   1800891.14 -1.2197579E-12
  7.2E-08 ++   574787.83 -5.67716102E-12
  7.2E-08 ++   189516.687 -2.54566869E-11
  7.2E-08 ++   62675.2936 -1.13734304E-10
  7.2E-08 ++   20649.3924 -5.09639018E-10
  7.2E-08 ++   6747.89761 -2.30548311E-09
  7.2E-08 ++   2173.47608 -1.06113244E-08
  7.2E-08 ++   682.81688 -5.03410219E-08
  7.2E-08 ++   205.621303 -2.51611124E-07
  7.2E-08 ++   57.866502 -1.37948883E-06
  7.2E-08 ++   14.9538645 -8.70424005E-06
  7.2E-08 ++   3.7751093 -5.88595217E-05
  7.2E-08 ++   1.05481315 -0.000321299184
  7.2E-08 ++   0.328646266 -0.00130103708
  7.2E-08 ++   0.108541258 -0.00413481533
  7.2E-08 ++   0.0344745147 -0.00978993611
  7.2E-08 ++   0.0164695925 -0.000430210353
 info =   0
  7.5E-08 ++   1800891.14 -1.23373036E-12
  7.5E-08 ++   574787.83 -5.91922387E-12
  7.5E-08 ++   189516.687 -2.65627748E-11
  7.5E-08 ++   62675.2936 -1.18504757E-10
  7.5E-08 ++   20649.3924 -5.30893361E-10
  7.5E-08 ++   6747.89761 -2.40153856E-09
  7.5E-08 ++   2173.47608 -1.10533944E-08
  7.5E-08 ++   682.81688 -5.24356642E-08
  7.5E-08 ++   205.621303 -2.62045443E-07
  7.5E-08 ++   57.866502 -1.43649929E-06
  7.5E-08 ++   14.9538645 -9.06214713E-06
  7.5E-08 ++   3.77510919 -6.12605299E-05
  7.5E-08 ++   1.05481218 -0.000334239939
  7.5E-08 ++   0.328639659 -0.00135213563
  7.5E-08 ++   0.108503066 -0.00428686182
  7.5E-08 ++   0.0164768639 -0.000440321739
 info =   0
  7.8E-08 ++   1800891.14 -1.29471825E-12
  7.8E-08 ++   574787.83 -6.1660077E-12
  7.8E-08 ++   189516.687 -2.75897504E-11
  7.8E-08 ++   62675.2936 -1.2325275E-10
  7.8E-08 ++   20649.3924 -5.52136973E-10
  7.8E-08 ++   6747.89761 -2.49759751E-09
  7.8E-08 ++   2173.47608 -1.14954534E-08
  7.8E-08 ++   682.81688 -5.45300647E-08
  7.8E-08 ++   205.621303 -2.72476934E-07
  7.8E-08 ++   57.866502 -1.49348469E-06
  7.8E-08 ++   14.9538645 -9.41979696E-06
  7.8E-08 ++   3.77510907 -6.36587806E-05
  7.8E-08 ++   1.0548112 -0.000347157343
  7.8E-08 ++   0.328632978 -0.00140307271
  7.8E-08 ++   0.108464604 -0.00443786977
  7.8E-08 ++   0.0164843551 -0.000450238772
 info =   0
  8.1E-08 ++   1800891.14 -1.34890874E-12
  8.1E-08 ++   574787.83 -6.42600863E-12
  8.1E-08 ++   189516.687 -2.8682812E-11
  8.1E-08 ++   62675.2936 -1.2796751E-10
  8.1E-08 ++   20649.3924 -5.73367934E-10
  8.1E-08 ++   6747.89761 -2.59365042E-09
  8.1E-08 ++   2173.47608 -1.19375047E-08
  8.1E-08 ++   682.81688 -5.6624127E-08
  8.1E-08 ++   205.621303 -2.82905533E-07
  8.1E-08 ++   57.866502 -1.55044554E-06
  8.1E-08 ++   14.9538645 -9.77719526E-06
  8.1E-08 ++   3.77510896 -6.6054352E-05
  8.1E-08 ++   1.05481021 -0.000360052117
  8.1E-08 ++   0.328626225 -0.00145385333
  8.1E-08 ++   0.108425886 -0.00458787433
  8.1E-08 ++   0.016492037 -0.000459948704
 info =   0
  8.4E-08 ++   1800891.14 -1.42292501E-12
  8.4E-08 ++   574787.83 -6.64352647E-12
  8.4E-08 ++   189516.687 -2.97290494E-11
  8.4E-08 ++   62675.2936 -1.32701917E-10
  8.4E-08 ++   20649.3924 -5.94576652E-10
  8.4E-08 ++   6747.89761 -2.6897078E-09
  8.4E-08 ++   2173.47608 -1.23795404E-08
  8.4E-08 ++   682.81688 -5.8717996E-08
  8.4E-08 ++   205.621303 -2.93331375E-07
  8.4E-08 ++   57.866502 -1.60738241E-06
  8.4E-08 ++   14.9538645 -1.01343475E-05
  8.4E-08 ++   3.77510884 -6.84473192E-05
  8.4E-08 ++   1.05480921 -0.000372924934
  8.4E-08 ++   0.328619403 -0.00150448214
  8.4E-08 ++   0.108386925 -0.00473690801
  8.4E-08 ++   0.0164998828 -0.000469441281
 info =   0
  8.7E-08 ++   1800891.14 -1.48013656E-12
  8.7E-08 ++   574787.83 -6.88464579E-12
  8.7E-08 ++   189516.687 -3.07841588E-11
  8.7E-08 ++   62675.2936 -1.37441602E-10
  8.7E-08 ++   20649.3924 -6.15810824E-10
  8.7E-08 ++   6747.89761 -2.78578884E-09
  8.7E-08 ++   2173.47608 -1.28215637E-08
  8.7E-08 ++   682.81688 -6.08114782E-08
  8.7E-08 ++   205.621303 -3.03754296E-07
  8.7E-08 ++   57.8665019 -1.66429565E-06
  8.7E-08 ++   14.9538645 -1.04912592E-05
  8.7E-08 ++   3.77510872 -7.0837754E-05
  8.7E-08 ++   1.0548082 -0.00038577642
  8.7E-08 ++   0.328612513 -0.00155496338
  8.7E-08 ++   0.10834773 -0.00488500072
  8.7E-08 ++   0.0165078677 -0.000478708499
 info =   0
  9.E-08 ++   1800891.14 -1.54225736E-12
  9.E-08 ++   574787.83 -7.10631696E-12
  9.E-08 ++   189516.687 -3.18572059E-11
  9.E-08 ++   62675.2936 -1.42197902E-10
  9.E-08 ++   20649.3924 -6.37057269E-10
  9.E-08 ++   6747.89761 -2.88181306E-09
  9.E-08 ++   2173.47608 -1.326361E-08
  9.E-08 ++   682.81688 -6.29046704E-08
  9.E-08 ++   205.621303 -3.1417457E-07
  9.E-08 ++   57.8665019 -1.72118591E-06
  9.E-08 ++   14.9538645 -1.08479355E-05
  9.E-08 ++   3.7751086 -7.32257245E-05
  9.E-08 ++   1.05480718 -0.000398607153
  9.E-08 ++   0.328605556 -0.00160530098
  9.E-08 ++   0.108308309 -0.00503217997
  9.E-08 ++   0.0165159688 -0.000487744374
 info =   0
  9.3E-08 ++   1800891.14 -1.58946161E-12
  9.3E-08 ++   574787.83 -7.34800273E-12
  9.3E-08 ++   189516.687 -3.29672611E-11
  9.3E-08 ++   62675.2936 -1.46914551E-10
  9.3E-08 ++   20649.3924 -6.58294463E-10
  9.3E-08 ++   6747.89761 -2.97789109E-09
  9.3E-08 ++   2173.47608 -1.37056027E-08
  9.3E-08 ++   682.81688 -6.49975243E-08
  9.3E-08 ++   205.621303 -3.24592214E-07
  9.3E-08 ++   57.8665019 -1.77805341E-06
  9.3E-08 ++   14.9538645 -1.12043816E-05
  9.3E-08 ++   3.77510847 -7.56112953E-05
  9.3E-08 ++   1.05480615 -0.000411417665
  9.3E-08 ++   0.328598533 -0.00165549852
  9.3E-08 ++   0.10826867 -0.0051784709
  9.3E-08 ++   0.0165241648 -0.000496544735
 info =   0
  9.6E-08 ++   1800891.14 -1.59002806E-12
  9.6E-08 ++   574787.83 -7.57949238E-12
  9.6E-08 ++   189516.687 -3.39721452E-11
  9.6E-08 ++   62675.2936 -1.51627424E-10
  9.6E-08 ++   20649.3924 -6.79537698E-10
  9.6E-08 ++   6747.89761 -3.07395929E-09
  9.6E-08 ++   2173.47608 -1.41475879E-08
  9.6E-08 ++   682.81688 -6.70900881E-08
  9.6E-08 ++   205.621303 -3.35007374E-07
  9.6E-08 ++   57.8665019 -1.83489868E-06
  9.6E-08 ++   14.9538645 -1.15606026E-05
  9.6E-08 ++   3.77510835 -7.79945273E-05
  9.6E-08 ++   1.05480511 -0.000424208449
  9.6E-08 ++   0.328591446 -0.00170555928
  9.6E-08 ++   0.10822882 -0.00532389653
  9.6E-08 ++   0.0165324359 -0.000505107025
 info =   0
  9.9E-08 ++   1800891.14 -1.71238149E-12
  9.9E-08 ++   574787.83 -7.79757603E-12
  9.9E-08 ++   189516.687 -3.50584095E-11
  9.9E-08 ++   62675.2936 -1.56420732E-10
  9.9E-08 ++   20649.3924 -7.00785088E-10
  9.9E-08 ++   6747.89761 -3.17001731E-09
  9.9E-08 ++   2173.47608 -1.4589604E-08
  9.9E-08 ++   682.81688 -6.91823136E-08
  9.9E-08 ++   205.621303 -3.45419917E-07
  9.9E-08 ++   57.8665019 -1.89172207E-06
  9.9E-08 ++   14.9538644 -1.19166032E-05
  9.9E-08 ++   3.77510823 -8.0375478E-05
  9.9E-08 ++   1.05480406 -0.000436979957
  9.9E-08 ++   0.328584296 -0.00175548628
  9.9E-08 ++   0.108188764 -0.00546847785
  9.9E-08 ++   0.0165407638 -0.000513430145
 info =   0
  1.02E-07 ++   1800891.14 -1.70426236E-12
  1.02E-07 ++   574787.83 -8.10742474E-12
  1.02E-07 ++   189516.687 -3.61223933E-11
  1.02E-07 ++   62675.2936 -1.61129262E-10
  1.02E-07 ++   20649.3924 -7.22019827E-10
  1.02E-07 ++   6747.89761 -3.26609665E-09
  1.02E-07 ++   2173.47608 -1.50315794E-08
  1.02E-07 ++   682.81688 -7.12743457E-08
  1.02E-07 ++   205.621303 -3.55830006E-07
  1.02E-07 ++   57.8665019 -1.94852396E-06
  1.02E-07 ++   14.9538644 -1.22723883E-05
  1.02E-07 ++   3.7751081 -8.27542011E-05
  1.02E-07 ++   1.054803 -0.000449732608
  1.02E-07 ++   0.328577083 -0.00180528228
  1.02E-07 ++   0.108148508 -0.00561223409
  1.02E-07 ++   0.0165491314 -0.000521514272
 info =   0
  1.05E-07 ++   1800891.14 -1.80471301E-12
  1.05E-07 ++   574787.83 -8.23865256E-12
  1.05E-07 ++   189516.687 -3.71944963E-11
  1.05E-07 ++   62675.2936 -1.65882164E-10
  1.05E-07 ++   20649.3924 -7.43213592E-10
  1.05E-07 ++   6747.89761 -3.36214409E-09
  1.05E-07 ++   2173.47608 -1.54735199E-08
  1.05E-07 ++   682.81688 -7.33659911E-08
  1.05E-07 ++   205.621303 -3.66237573E-07
  1.05E-07 ++   57.8665019 -2.00530477E-06
  1.05E-07 ++   14.9538644 -1.26279624E-05
  1.05E-07 ++   3.77510797 -8.51307471E-05
  1.05E-07 ++   1.05480193 -0.000462466785
  1.05E-07 ++   0.328569809 -0.00185494982
  1.05E-07 ++   0.108108059 -0.00575518284
  1.05E-07 ++   0.0165575228 -0.000529360725
 info =   0
  1.08E-07 ++   1800891.14 -1.78771947E-12
  1.08E-07 ++   574787.83 -8.53226301E-12
  1.08E-07 ++   189516.687 -3.82973765E-11
  1.08E-07 ++   62675.2936 -1.70611275E-10
  1.08E-07 ++   20649.3924 -7.64471367E-10
  1.08E-07 ++   6747.89761 -3.45816982E-09
  1.08E-07 ++   2173.47608 -1.59154711E-08
  1.08E-07 ++   682.81688 -7.54572499E-08
  1.08E-07 ++   205.621303 -3.76642732E-07
  1.08E-07 ++   57.8665019 -2.06206472E-06
  1.08E-07 ++   14.9538644 -1.29833301E-05
  1.08E-07 ++   3.77510785 -8.75051631E-05
  1.08E-07 ++   1.05480085 -0.000475182845
  1.08E-07 ++   0.328562476 -0.00190449124
  1.08E-07 ++   0.108067421 -0.00589734025
  1.08E-07 ++   0.0165659234 -0.000536971838
 info =   0
  1.11E-07 ++   1800891.14 -1.84946264E-12
  1.11E-07 ++   574787.83 -8.73712947E-12
  1.11E-07 ++   189516.687 -3.93084916E-11
  1.11E-07 ++   62675.2936 -1.7532849E-10
  1.11E-07 ++   20649.3924 -7.85681559E-10
  1.11E-07 ++   6747.89761 -3.55424029E-09
  1.11E-07 ++   2173.47608 -1.63574283E-08
  1.11E-07 ++   682.81688 -7.75484119E-08
  1.11E-07 ++   205.621303 -3.87045377E-07
  1.11E-07 ++   57.8665019 -2.11880431E-06
  1.11E-07 ++   14.9538644 -1.33384957E-05
  1.11E-07 ++   3.77510772 -8.9877493E-05
  1.11E-07 ++   1.05479976 -0.000487881118
  1.11E-07 ++   0.328555083 -0.00195390873
  1.11E-07 ++   0.1080266 -0.00603872121
  1.11E-07 ++   0.0165743194 -0.000544350812
 info =   0
  1.14E-07 ++   1800891.14 -1.94594813E-12
  1.14E-07 ++   574787.83 -8.99939629E-12
  1.14E-07 ++   189516.687 -4.03537825E-11
  1.14E-07 ++   62675.2936 -1.80055902E-10
  1.14E-07 ++   20649.3924 -8.0695104E-10
  1.14E-07 ++   6747.89761 -3.65029642E-09
  1.14E-07 ++   2173.47608 -1.67993734E-08
  1.14E-07 ++   682.81688 -7.96390906E-08
  1.14E-07 ++   205.621303 -3.97445874E-07
  1.14E-07 ++   57.8665019 -2.17552381E-06
  1.14E-07 ++   14.9538644 -1.36934633E-05
  1.14E-07 ++   3.77510759 -9.22477781E-05
  1.14E-07 ++   1.05479866 -0.000500561908
  1.14E-07 ++   0.328547631 -0.00200320429
  1.14E-07 ++   0.107985602 -0.00617933953
  1.14E-07 ++   0.0165826984 -0.000551501624
 info =   0
  1.17E-07 ++   1800891.14 -1.96086468E-12
  1.17E-07 ++   574787.83 -9.22786487E-12
  1.17E-07 ++   189516.687 -4.14096472E-11
  1.17E-07 ++   62675.2936 -1.8482693E-10
  1.17E-07 ++   20649.3924 -8.28199374E-10
  1.17E-07 ++   6747.89761 -3.74638596E-09
  1.17E-07 ++   2173.47608 -1.72412778E-08
  1.17E-07 ++   682.81688 -8.17296243E-08
  1.17E-07 ++   205.621303 -4.07843914E-07
  1.17E-07 ++   57.8665019 -2.23222357E-06
  1.17E-07 ++   14.9538644 -1.4048237E-05
  1.17E-07 ++   3.77510746 -9.46160566E-05
  1.17E-07 ++   1.05479756 -0.000513225502
  1.17E-07 ++   0.328540123 -0.00205237982
  1.17E-07 ++   0.107944432 -0.00631920801
  1.17E-07 ++   0.0165910487 -0.000558428906
 info =   0
  1.2E-07 ++   1800891.14 -2.03733557E-12
  1.2E-07 ++   574787.83 -9.53884649E-12
  1.2E-07 ++   189516.687 -4.24681554E-11
  1.2E-07 ++   62675.2936 -1.89551698E-10
  1.2E-07 ++   20649.3924 -8.49400692E-10
  1.2E-07 ++   6747.89761 -3.84239922E-09
  1.2E-07 ++   2173.47608 -1.76831821E-08
  1.2E-07 ++   682.81688 -8.38196746E-08
  1.2E-07 ++   205.621303 -4.18239771E-07
  1.2E-07 ++   57.8665019 -2.288904E-06
  1.2E-07 ++   14.9538644 -1.44028206E-05
  1.2E-07 ++   3.77510732 -9.69823644E-05
  1.2E-07 ++   1.05479644 -0.000525872167
  1.2E-07 ++   0.328532558 -0.0021014371
  1.2E-07 ++   0.107903096 -0.00645833871
  1.2E-07 ++   0.0165993596 -0.000565137858
 info =   0
  1.23E-07 ++   1800891.14 -2.04205599E-12
  1.23E-07 ++   574787.83 -9.7376708E-12
  1.23E-07 ++   189516.687 -4.35704691E-11
  1.23E-07 ++   62675.2936 -1.94338964E-10
  1.23E-07 ++   20649.3924 -8.70652613E-10
  1.23E-07 ++   6747.89761 -3.93846573E-09
  1.23E-07 ++   2173.47608 -1.81250743E-08
  1.23E-07 ++   682.81688 -8.59094832E-08
  1.23E-07 ++   205.621303 -4.28633326E-07
  1.23E-07 ++   57.8665019 -2.34556534E-06
  1.23E-07 ++   14.9538643 -1.47572178E-05
  1.23E-07 ++   3.77510719 -9.93467349E-05
  1.23E-07 ++   1.05479532 -0.000538502154
  1.23E-07 ++   0.328524938 -0.0021503778
  1.23E-07 ++   0.1078616 -0.00659674295
  1.23E-07 ++   0.0166076215 -0.000571634152
 info =   0
  1.26E-07 ++   1800891.14 -2.14042965E-12
  1.26E-07 ++   574787.83 -9.91138245E-12
  1.26E-07 ++   189516.687 -4.46676848E-11
  1.26E-07 ++   62675.2936 -1.99145868E-10
  1.26E-07 ++   20649.3924 -8.91868848E-10
  1.26E-07 ++   6747.89761 -4.03452752E-09
  1.26E-07 ++   2173.47608 -1.85669726E-08
  1.26E-07 ++   682.81688 -8.79991952E-08
  1.26E-07 ++   205.621303 -4.39024708E-07
  1.26E-07 ++   57.8665019 -2.40220791E-06
  1.26E-07 ++   14.9538643 -1.5111432E-05
  1.26E-07 ++   3.77510706 -0.000101709199
  1.26E-07 ++   1.05479419 -0.0005511157
  1.26E-07 ++   0.328517264 -0.00219920353
  1.26E-07 ++   0.107819951 -0.0067344315
  1.26E-07 ++   0.0166158253 -0.000577923856
 info =   0
  1.29E-07 ++   1800891.14 -2.13344331E-12
  1.29E-07 ++   574787.83 -1.01736484E-11
  1.29E-07 ++   189516.687 -4.56897475E-11
  1.29E-07 ++   62675.2936 -2.0380699E-10
  1.29E-07 ++   20649.3924 -9.13103342E-10
  1.29E-07 ++   6747.89761 -4.13061876E-09
  1.29E-07 ++   2173.47608 -1.90087803E-08
  1.29E-07 ++   682.81688 -9.00883754E-08
  1.29E-07 ++   205.621303 -4.4941399E-07
  1.29E-07 ++   57.8665019 -2.45883205E-06
  1.29E-07 ++   14.9538643 -1.54654668E-05
  1.29E-07 ++   3.77510692 -0.000104069787
  1.29E-07 ++   1.05479305 -0.000563713031
  1.29E-07 ++   0.328509537 -0.00224791581
  1.29E-07 ++   0.107778154 -0.00687141465
  1.29E-07 ++   0.0166239631 -0.000584013355
 info =   0
  1.32E-07 ++   1800891.14 -2.25032116E-12
  1.32E-07 ++   574787.83 -1.04260976E-11
  1.32E-07 ++   189516.687 -4.67397626E-11
  1.32E-07 ++   62675.2936 -2.08510247E-10
  1.32E-07 ++   20649.3924 -9.3435834E-10
  1.32E-07 ++   6747.89761 -4.22663901E-09
  1.32E-07 ++   2173.47608 -1.94506665E-08
  1.32E-07 ++   682.81688 -9.21772173E-08
  1.32E-07 ++   205.621303 -4.59800972E-07
  1.32E-07 ++   57.8665019 -2.51543812E-06
  1.32E-07 ++   14.9538643 -1.58193252E-05
  1.32E-07 ++   3.77510678 -0.000106428526
  1.32E-07 ++   1.0547919 -0.000576294364
  1.32E-07 ++   0.328501758 -0.00229651611
  1.32E-07 ++   0.107736217 -0.00700770232
  1.32E-07 ++   0.0166320275 -0.000589909287
 info =   0
  1.35E-07 ++   1800891.14 -2.2386145E-12
  1.35E-07 ++   574787.83 -1.06251107E-11
  1.35E-07 ++   189516.687 -4.78092222E-11
  1.35E-07 ++   62675.2936 -2.1328052E-10
  1.35E-07 ++   20649.3924 -9.55529637E-10
  1.35E-07 ++   6747.89761 -4.32267625E-09
  1.35E-07 ++   2173.47608 -1.98924802E-08
  1.35E-07 ++   682.81688 -9.42659625E-08
  1.35E-07 ++   205.621303 -4.70185906E-07
  1.35E-07 ++   57.8665019 -2.57202633E-06
  1.35E-07 ++   14.9538643 -1.61730103E-05
  1.35E-07 ++   3.77510665 -0.000108785442
  1.35E-07 ++   1.05479074 -0.000588859903
  1.35E-07 ++   0.328493928 -0.00234500585
  1.35E-07 ++   0.107694145 -0.00714330409
  1.35E-07 ++   0.016640012 -0.000595618481
 info =   0
  1.38E-07 ++   1800891.14 -2.24578954E-12
  1.38E-07 ++   574787.83 -1.09011612E-11
  1.38E-07 ++   189516.687 -4.8921732E-11
  1.38E-07 ++   62675.2936 -2.18052304E-10
  1.38E-07 ++   20649.3924 -9.76831972E-10
  1.38E-07 ++   6747.89761 -4.41875579E-09
  1.38E-07 ++   2173.47608 -2.0334306E-08
  1.38E-07 ++   682.81688 -9.6354321E-08
  1.38E-07 ++   205.621303 -4.80568757E-07
  1.38E-07 ++   57.8665019 -2.62859704E-06
  1.38E-07 ++   14.9538643 -1.6526525E-05
  1.38E-07 ++   3.77510651 -0.000111140559
  1.38E-07 ++   1.05478958 -0.000601409849
  1.38E-07 ++   0.328486048 -0.0023933864
  1.38E-07 ++   0.107651946 -0.00727822933
  1.38E-07 ++   0.0166479107 -0.000601147898
 info =   0
  1.41E-07 ++   1800891.14 -2.31942818E-12
  1.41E-07 ++   574787.83 -1.10669425E-11
  1.41E-07 ++   189516.687 -4.98994265E-11
  1.41E-07 ++   62675.2936 -2.22758379E-10
  1.41E-07 ++   20649.3924 -9.98106362E-10
  1.41E-07 ++   6747.89761 -4.51478019E-09
  1.41E-07 ++   2173.47608 -2.07760834E-08
  1.41E-07 ++   682.81688 -9.84424378E-08
  1.41E-07 ++   205.621303 -4.90949551E-07
  1.41E-07 ++   57.8665019 -2.6851505E-06
  1.41E-07 ++   14.9538643 -1.6879872E-05
  1.41E-07 ++   3.77510637 -0.000113493901
  1.41E-07 ++   1.05478841 -0.000613944393
  1.41E-07 ++   0.328478118 -0.0024416591
  1.41E-07 ++   0.107609626 -0.00741248721
  1.41E-07 ++   0.0166557184 -0.000606504584
 info =   0
  1.44E-07 ++   1800891.14 -2.44820139E-12
  1.44E-07 ++   574787.83 -1.13252442E-11
  1.44E-07 ++   189516.687 -5.1065938E-11
  1.44E-07 ++   62675.2936 -2.27505616E-10
  1.44E-07 ++   20649.3924 -1.0192769E-09
  1.44E-07 ++   6747.89761 -4.61085293E-09
  1.44E-07 ++   2173.47608 -2.12179092E-08
  1.44E-07 ++   682.81688 -1.00530265E-07
  1.44E-07 ++   205.621303 -5.01328297E-07
  1.44E-07 ++   57.8665019 -2.74168698E-06
  1.44E-07 ++   14.9538643 -1.7233054E-05
  1.44E-07 ++   3.77510623 -0.00011584549
  1.44E-07 ++   1.05478723 -0.000626463723
  1.44E-07 ++   0.328470141 -0.00248982527
  1.44E-07 ++   0.107567191 -0.00754608676
  1.44E-07 ++   0.0166634305 -0.000611695625
 info =   0
  1.47E-07 ++   1800891.14 -2.46406201E-12
  1.47E-07 ++   574787.83 -1.16175329E-11
  1.47E-07 ++   189516.687 -5.19869873E-11
  1.47E-07 ++   62675.2936 -2.32225286E-10
  1.47E-07 ++   20649.3924 -1.0405056E-09
  1.47E-07 ++   6747.89761 -4.70689358E-09
  1.47E-07 ++   2173.47608 -2.16597591E-08
  1.47E-07 ++   682.81688 -1.0261785E-07
  1.47E-07 ++   205.621303 -5.11705051E-07
  1.47E-07 ++   57.8665019 -2.79820677E-06
  1.47E-07 ++   14.9538642 -1.75860735E-05
  1.47E-07 ++   3.77510609 -0.000118195347
  1.47E-07 ++   1.05478604 -0.00063896802
  1.47E-07 ++   0.328462117 -0.00253788618
  1.47E-07 ++   0.10752465 -0.00767903691
  1.47E-07 ++   0.0166710431 -0.000616728108
 info =   0
  1.5E-07 ++   1800891.14 -2.5305256E-12
  1.5E-07 ++   574787.83 -1.18033289E-11
  1.5E-07 ++   189516.687 -5.31912622E-11
  1.5E-07 ++   62675.2936 -2.37030679E-10
  1.5E-07 ++   20649.3924 -1.06178943E-09
  1.5E-07 ++   6747.89761 -4.80294592E-09
  1.5E-07 ++   2173.47608 -2.21014399E-08
  1.5E-07 ++   682.81688 -1.04705193E-07
  1.5E-07 ++   205.621303 -5.22079777E-07
  1.5E-07 ++   57.8665019 -2.85471016E-06
  1.5E-07 ++   14.9538642 -1.79389326E-05
  1.5E-07 ++   3.77510595 -0.000120543492
  1.5E-07 ++   1.05478485 -0.000651457464
  1.5E-07 ++   0.328454047 -0.00258584312
  1.5E-07 ++   0.107482008 -0.00781134651
  1.5E-07 ++   0.0166785527 -0.000621609084
 info =   0
  1.53E-07 ++   1800891.14 -2.58226146E-12
  1.53E-07 ++   574787.83 -1.20767359E-11
  1.53E-07 ++   189516.687 -5.41209972E-11
  1.53E-07 ++   62675.2936 -2.41730712E-10
  1.53E-07 ++   20649.3924 -1.08299849E-09
  1.53E-07 ++   6747.89761 -4.89901677E-09
  1.53E-07 ++   2173.47608 -2.25432657E-08
  1.53E-07 ++   682.81688 -1.06792247E-07
  1.53E-07 ++   205.621303 -5.32452695E-07
  1.53E-07 ++   57.8665019 -2.91119729E-06
  1.53E-07 ++   14.9538642 -1.82916339E-05
  1.53E-07 ++   3.7751058 -0.000122889944
  1.53E-07 ++   1.05478364 -0.000663932229
  1.53E-07 ++   0.328445932 -0.00263369731
  1.53E-07 ++   0.107439272 -0.00794302438
  1.53E-07 ++   0.0166859564 -0.000626345539
 info =   0
  1.56E-07 ++   1800891.14 -2.63664076E-12
  1.56E-07 ++   574787.83 -1.23969696E-11
  1.56E-07 ++   189516.687 -5.5198387E-11
  1.56E-07 ++   62675.2936 -2.46531196E-10
  1.56E-07 ++   20649.3924 -1.10422001E-09
  1.56E-07 ++   6747.89761 -4.99506723E-09
  1.56E-07 ++   2173.47608 -2.29848981E-08
  1.56E-07 ++   682.81688 -1.08879058E-07
  1.56E-07 ++   205.621303 -5.42823552E-07
  1.56E-07 ++   57.8665019 -2.96766849E-06
  1.56E-07 ++   14.9538642 -1.86441792E-05
  1.56E-07 ++   3.77510566 -0.000125234723
  1.56E-07 ++   1.05478244 -0.000676392486
  1.56E-07 ++   0.328437773 -0.00268145
  1.56E-07 ++   0.107396449 -0.0080740793
  1.56E-07 ++   0.0166932517 -0.000630944362
 info =   0
  1.59E-07 ++   1800891.14 -2.72009788E-12
  1.59E-07 ++   574787.83 -1.25412258E-11
  1.59E-07 ++   189516.687 -5.62969244E-11
  1.59E-07 ++   62675.2936 -2.51182892E-10
  1.59E-07 ++   20649.3924 -1.12543474E-09
  1.59E-07 ++   6747.89761 -5.091143E-09
  1.59E-07 ++   2173.47608 -2.34266031E-08
  1.59E-07 ++   682.81688 -1.1096558E-07
  1.59E-07 ++   205.621303 -5.53192654E-07
  1.59E-07 ++   57.8665019 -3.02412409E-06
  1.59E-07 ++   14.9538642 -1.89965706E-05
  1.59E-07 ++   3.77510551 -0.000127577846
  1.59E-07 ++   1.05478122 -0.000688838405
  1.59E-07 ++   0.328429571 -0.0027291024
  1.59E-07 ++   0.107353545 -0.00820452005
  1.59E-07 ++   0.0167004367 -0.000635412333
 info =   0
  1.62E-07 ++   1800891.14 -2.72840583E-12
  1.62E-07 ++   574787.83 -1.28342698E-11
  1.62E-07 ++   189516.687 -5.73788459E-11
  1.62E-07 ++   62675.2936 -2.55900674E-10
  1.62E-07 ++   20649.3924 -1.14668005E-09
  1.62E-07 ++   6747.89761 -5.18720516E-09
  1.62E-07 ++   2173.47608 -2.38685013E-08
  1.62E-07 ++   682.81688 -1.13051908E-07
  1.62E-07 ++   205.621303 -5.63559805E-07
  1.62E-07 ++   57.8665019 -3.08056409E-06
  1.62E-07 ++   14.9538642 -1.93488101E-05
  1.62E-07 ++   3.77510537 -0.000129919331
  1.62E-07 ++   1.05478 -0.000701270152
  1.62E-07 ++   0.328421328 -0.00277665572
  1.62E-07 ++   0.107310567 -0.00833435538
  1.62E-07 ++   0.0167075098 -0.000639756088
 info =   0
  1.65E-07 ++   1800891.14 -2.81526166E-12
  1.65E-07 ++   574787.83 -1.30147788E-11
  1.65E-07 ++   189516.687 -5.83546522E-11
  1.65E-07 ++   62675.2936 -2.60669436E-10
  1.65E-07 ++   20649.3924 -1.16795142E-09
  1.65E-07 ++   6747.89761 -5.28326695E-09
  1.65E-07 ++   2173.47608 -2.43099163E-08
  1.65E-07 ++   682.81688 -1.15137947E-07
  1.65E-07 ++   205.621303 -5.73925195E-07
  1.65E-07 ++   57.8665019 -3.13698888E-06
  1.65E-07 ++   14.9538642 -1.97008995E-05
  1.65E-07 ++   3.77510522 -0.000132259194
  1.65E-07 ++   1.05477877 -0.000713687892
  1.65E-07 ++   0.328413043 -0.00282411114
  1.65E-07 ++   0.107267521 -0.00846359405
  1.65E-07 ++   0.0167144697 -0.00064398212
 info =   0
  1.68E-07 ++   1800891.14 -2.89305427E-12
  1.68E-07 ++   574787.83 -1.32730805E-11
  1.68E-07 ++   189516.687 -5.95185202E-11
  1.68E-07 ++   62675.2936 -2.65436688E-10
  1.68E-07 ++   20649.3924 -1.18919069E-09
  1.68E-07 ++   6747.89761 -5.37923811E-09
  1.68E-07 ++   2173.47608 -2.47518145E-08
  1.68E-07 ++   682.81688 -1.17223647E-07
  1.68E-07 ++   205.621303 -5.84288702E-07
  1.68E-07 ++   57.8665019 -3.19339864E-06
  1.68E-07 ++   14.9538641 -2.00528404E-05
  1.68E-07 ++   3.77510508 -0.000134597453
  1.68E-07 ++   1.05477753 -0.000726091789
  1.68E-07 ++   0.328404718 -0.00287146984
  1.68E-07 ++   0.107224413 -0.00859224483
  1.68E-07 ++   0.0167213157 -0.000648096747
 info =   0
  1.71E-07 ++   1800891.14 -2.87228439E-12
  1.71E-07 ++   574787.83 -1.34951293E-11
  1.71E-07 ++   189516.687 -6.05668323E-11
  1.71E-07 ++   62675.2936 -2.70209604E-10
  1.71E-07 ++   20649.3924 -1.21036765E-09
  1.71E-07 ++   6747.89761 -5.47530405E-09
  1.71E-07 ++   2173.47608 -2.51933261E-08
  1.71E-07 ++   682.81688 -1.19309153E-07
  1.71E-07 ++   205.621303 -5.94650591E-07
  1.71E-07 ++   57.8665019 -3.24979362E-06
  1.71E-07 ++   14.9538641 -2.04046346E-05
  1.71E-07 ++   3.77510493 -0.000136934124
  1.71E-07 ++   1.05477629 -0.000738482001
  1.71E-07 ++   0.328396354 -0.002918733
  1.71E-07 ++   0.107181249 -0.00872031648
  1.71E-07 ++   0.0167280472 -0.000652106113
 info =   0
  1.74E-07 ++   1800891.14 -2.88399105E-12
  1.74E-07 ++   574787.83 -1.37851522E-11
  1.74E-07 ++   189516.687 -6.16325155E-11
  1.74E-07 ++   62675.2936 -2.74898308E-10
  1.74E-07 ++   20649.3924 -1.23161674E-09
  1.74E-07 ++   6747.89761 -5.57130579E-09
  1.74E-07 ++   2173.47608 -2.56350311E-08
  1.74E-07 ++   682.81688 -1.21394515E-07
  1.74E-07 ++   205.621303 -6.05010572E-07
  1.74E-07 ++   57.8665019 -3.30617387E-06
  1.74E-07 ++   14.9538641 -2.07562836E-05
  1.74E-07 ++   3.77510478 -0.000139269223
  1.74E-07 ++   1.05477504 -0.00075085869
  1.74E-07 ++   0.328387951 -0.00296590177
  1.74E-07 ++   0.107138034 -0.00884781775
  1.74E-07 ++   0.016734664 -0.000656016174
 info =   0
  1.77E-07 ++   1800891.14 -2.95234281E-12
  1.77E-07 ++   574787.83 -1.40408104E-11
  1.77E-07 ++   189516.687 -6.2601902E-11
  1.77E-07 ++   62675.2936 -2.7967198E-10
  1.77E-07 ++   20649.3924 -1.25292738E-09
  1.77E-07 ++   6747.89761 -5.66740346E-09
  1.77E-07 ++   2173.47608 -2.60765427E-08
  1.77E-07 ++   682.81688 -1.23479393E-07
  1.77E-07 ++   205.621303 -6.15368837E-07
  1.77E-07 ++   57.8665019 -3.36253961E-06
  1.77E-07 ++   14.9538641 -2.11077889E-05
  1.77E-07 ++   3.77510463 -0.000141602765
  1.77E-07 ++   1.05477379 -0.000763222011
  1.77E-07 ++   0.32837951 -0.0030129773
  1.77E-07 ++   0.107094774 -0.00897475741
  1.77E-07 ++   0.0167411661 -0.000659832696
 info =   0
  1.8E-07 ++   1800891.14 -3.0365552E-12
  1.8E-07 ++   574787.83 -1.42205642E-11
  1.8E-07 ++   189516.687 -6.36411508E-11
  1.8E-07 ++   62675.2936 -2.84407888E-10
  1.8E-07 ++   20649.3924 -1.27414513E-09
  1.8E-07 ++   6747.89761 -5.76345316E-09
  1.8E-07 ++   2173.47608 -2.65182476E-08
  1.8E-07 ++   682.81688 -1.2556432E-07
  1.8E-07 ++   205.621303 -6.25725531E-07
  1.8E-07 ++   57.8665019 -3.41889117E-06
  1.8E-07 ++   14.9538641 -2.1459152E-05
  1.8E-07 ++   3.77510448 -0.000143934766
  1.8E-07 ++   1.05477253 -0.00077557212
  1.8E-07 ++   0.328371033 -0.00305996071
  1.8E-07 ++   0.107051474 -0.00910114418
  1.8E-07 ++   0.0167475539 -0.000663561245
 info =   0
  1.83E-07 ++   1800891.14 -3.00747737E-12
  1.83E-07 ++   574787.83 -1.4589135E-11
  1.83E-07 ++   189516.687 -6.48794128E-11
  1.83E-07 ++   62675.2936 -2.89105656E-10
  1.83E-07 ++   20649.3924 -1.29527564E-09
  1.83E-07 ++   6747.89761 -5.85949154E-09
  1.83E-07 ++   2173.47608 -2.69597592E-08
  1.83E-07 ++   682.81688 -1.27649053E-07
  1.83E-07 ++   205.621303 -6.36080292E-07
  1.83E-07 ++   57.8665019 -3.47522852E-06
  1.83E-07 ++   14.9538641 -2.18103743E-05
  1.83E-07 ++   3.77510433 -0.000146265241
  1.83E-07 ++   1.05477126 -0.000787909173
  1.83E-07 ++   0.32836252 -0.00310685313
  1.83E-07 ++   0.107008139 -0.00922698675
  1.83E-07 ++   0.0167538278 -0.000667207183
 info =   0
  1.86E-07 ++   1800891.14 -3.13511768E-12
  1.86E-07 ++   574787.83 -1.46027299E-11
  1.86E-07 ++   189516.687 -6.58336939E-11
  1.86E-07 ++   62675.2936 -2.93826458E-10
  1.86E-07 ++   20649.3924 -1.31656665E-09
  1.86E-07 ++   6747.89761 -5.95554124E-09
  1.86E-07 ++   2173.47608 -2.74013675E-08
  1.86E-07 ++   682.81688 -1.29733303E-07
  1.86E-07 ++   205.621303 -6.46433531E-07
  1.86E-07 ++   57.8665019 -3.53155199E-06
  1.86E-07 ++   14.9538641 -2.2161457E-05
  1.86E-07 ++   3.77510417 -0.000148594205
  1.86E-07 ++   1.05476999 -0.000800233319
  1.86E-07 ++   0.328353971 -0.00315365567
  1.86E-07 ++   0.106964774 -0.00935229381
  1.86E-07 ++   0.0167599887 -0.000670775673
 info =   0
  1.89E-07 ++   1800891.14 -3.19062988E-12
  1.89E-07 ++   574787.83 -1.49120121E-11
  1.89E-07 ++   189516.687 -6.68888034E-11
  1.89E-07 ++   62675.2936 -2.98548017E-10
  1.89E-07 ++   20649.3924 -1.33779534E-09
  1.89E-07 ++   6747.89761 -6.05162002E-09
  1.89E-07 ++   2173.47608 -2.78429757E-08
  1.89E-07 ++   682.81688 -1.31817601E-07
  1.89E-07 ++   205.621303 -6.56785054E-07
  1.89E-07 ++   57.8665019 -3.58786173E-06
  1.89E-07 ++   14.953864 -2.25124016E-05
  1.89E-07 ++   3.77510402 -0.000150921674
  1.89E-07 ++   1.05476871 -0.00081254471
  1.89E-07 ++   0.328345388 -0.00320036942
  1.89E-07 ++   0.106921383 -0.00947707398
  1.89E-07 ++   0.0167660373 -0.000674271671
 info =   0
  1.92E-07 ++   1800891.14 -3.19667202E-12
  1.92E-07 ++   574787.83 -1.51355715E-11
  1.92E-07 ++   189516.687 -6.79284298E-11
  1.92E-07 ++   62675.2936 -3.0340288E-10
  1.92E-07 ++   20649.3924 -1.35905198E-09
  1.92E-07 ++   6747.89761 -6.14765349E-09
  1.92E-07 ++   2173.47608 -2.8284294E-08
  1.92E-07 ++   682.81688 -1.33901416E-07
  1.92E-07 ++   205.621303 -6.67134957E-07
  1.92E-07 ++   57.8665019 -3.64415776E-06
  1.92E-07 ++   14.953864 -2.28632092E-05
  1.92E-07 ++   3.77510387 -0.00015324766
  1.92E-07 ++   1.05476743 -0.000824843494
  1.92E-07 ++   0.328336771 -0.00324699546
  1.92E-07 ++   0.106877971 -0.00960133583
  1.92E-07 ++   0.0167719748 -0.000677699933
 info =   0
  1.95E-07 ++   1800891.14 -3.31827018E-12
  1.95E-07 ++   574787.83 -1.53972718E-11
  1.95E-07 ++   189516.687 -6.90507581E-11
  1.95E-07 ++   62675.2936 -3.08064016E-10
  1.95E-07 ++   20649.3924 -1.38021913E-09
  1.95E-07 ++   6747.89761 -6.24367978E-09
  1.95E-07 ++   2173.47608 -2.87259989E-08
  1.95E-07 ++   682.81688 -1.35985086E-07
  1.95E-07 ++   205.621303 -6.77483362E-07
  1.95E-07 ++   57.8665019 -3.7004403E-06
  1.95E-07 ++   14.953864 -2.32138811E-05
  1.95E-07 ++   3.77510371 -0.00015557218
  1.95E-07 ++   1.05476614 -0.000837129819
  1.95E-07 ++   0.32832812 -0.00329353485
  1.95E-07 ++   0.10683454 -0.00972508789
  1.95E-07 ++   0.0167778024 -0.00068106501
 info =   0
  1.98E-07 ++   1800891.14 -3.3839785E-12
  1.98E-07 ++   574787.83 -1.5557011E-11
  1.98E-07 ++   189516.687 -7.00288303E-11
  1.98E-07 ++   62675.2936 -3.12892823E-10
  1.98E-07 ++   20649.3924 -1.4015377E-09
  1.98E-07 ++   6747.89761 -6.33977442E-09
  1.98E-07 ++   2173.47608 -2.91674138E-08
  1.98E-07 ++   682.81688 -1.38068562E-07
  1.98E-07 ++   205.621303 -6.87830033E-07
  1.98E-07 ++   57.8665019 -3.7567095E-06
  1.98E-07 ++   14.953864 -2.35644183E-05
  1.98E-07 ++   3.77510356 -0.000157895247
  1.98E-07 ++   1.05476484 -0.000849403827
  1.98E-07 ++   0.328319437 -0.00333998864
  1.98E-07 ++   0.106791096 -0.00984833857
  1.98E-07 ++   0.0167835215 -0.000684371257
 info =   0
  2.01E-07 ++   1800891.14 -3.40550364E-12
  2.01E-07 ++   574787.83 -1.58296628E-11
  2.01E-07 ++   189516.687 -7.11084859E-11
  2.01E-07 ++   62675.2936 -3.17495804E-10
  2.01E-07 ++   20649.3924 -1.42276186E-09
  2.01E-07 ++   6747.89761 -6.43578976E-09
  2.01E-07 ++   2173.47608 -2.96087321E-08
  2.01E-07 ++   682.81688 -1.40151748E-07
  2.01E-07 ++   205.621303 -6.98175192E-07
  2.01E-07 ++   57.8665019 -3.81296554E-06
  2.01E-07 ++   14.953864 -2.39148221E-05
  2.01E-07 ++   3.7751034 -0.000160216876
  2.01E-07 ++   1.05476354 -0.000861665664
  2.01E-07 ++   0.328310722 -0.00338635787
  2.01E-07 ++   0.106747641 -0.00997109623
  2.01E-07 ++   0.0167891334 -0.000687622835
 info =   0
  2.04E-07 ++   1800891.14 -3.44326704E-12
  2.04E-07 ++   574787.83 -1.61340358E-11
  2.04E-07 ++   189516.687 -7.21930508E-11
  2.04E-07 ++   62675.2936 -3.22286847E-10
  2.04E-07 ++   20649.3924 -1.44409328E-09
  2.04E-07 ++   6747.89761 -6.53177225E-09
  2.04E-07 ++   2173.47608 -3.0050437E-08
  2.04E-07 ++   682.81688 -1.42234742E-07
  2.04E-07 ++   205.621303 -7.08518836E-07
  2.04E-07 ++   57.8665019 -3.86920846E-06
  2.04E-07 ++   14.953864 -2.42650936E-05
  2.04E-07 ++   3.77510325 -0.00016253708
  2.04E-07 ++   1.05476223 -0.000873915468
  2.04E-07 ++   0.328301975 -0.00343264354
  2.04E-07 ++   0.0167946398 -0.000690823709
 info =   0
  2.07E-07 ++   1800891.14 -3.36207572E-12
  2.07E-07 ++   574787.83 -1.63043487E-11
  2.07E-07 ++   189516.687 -7.32798815E-11
  2.07E-07 ++   62675.2936 -3.27014447E-10
  2.07E-07 ++   20649.3924 -1.46513505E-09
  2.07E-07 ++   6747.89761 -6.62787255E-09
  2.07E-07 ++   2173.47608 -3.04916586E-08
  2.07E-07 ++   682.81688 -1.44317638E-07
  2.07E-07 ++   205.621303 -7.18861007E-07
  2.07E-07 ++   57.8665019 -3.92543841E-06
  2.07E-07 ++   14.953864 -2.46152337E-05
  2.07E-07 ++   3.77510309 -0.000164855874
  2.07E-07 ++   1.05476092 -0.000886153378
  2.07E-07 ++   0.328293197 -0.00347884666
  2.07E-07 ++   0.0168000422 -0.000693977663
 info =   0
  2.1E-07 ++   1800891.14 -3.57128498E-12
  2.1E-07 ++   574787.83 -1.65664268E-11
  2.1E-07 ++   189516.687 -7.43670899E-11
  2.1E-07 ++   62675.2936 -3.31758663E-10
  2.1E-07 ++   20649.3924 -1.48641888E-09
  2.1E-07 ++   6747.89761 -6.72389771E-09
  2.1E-07 ++   2173.47608 -3.09332668E-08
  2.1E-07 ++   682.81688 -1.46400057E-07
  2.1E-07 ++   205.621303 -7.29201583E-07
  2.1E-07 ++   57.8665019 -3.98165555E-06
  2.1E-07 ++   14.9538639 -2.49652437E-05
  2.1E-07 ++   3.77510293 -0.000167173272
  2.1E-07 ++   1.05475961 -0.000898379531
  2.1E-07 ++   0.328284389 -0.00352496822
  2.1E-07 ++   0.0168053424 -0.000697088292
 info =   0
  2.13E-07 ++   1800891.14 -3.49877924E-12
  2.13E-07 ++   574787.83 -1.68964789E-11
  2.13E-07 ++   189516.687 -7.5433906E-11
  2.13E-07 ++   62675.2936 -3.36499858E-10
  2.13E-07 ++   20649.3924 -1.5076808E-09
  2.13E-07 ++   6747.89761 -6.8199527E-09
  2.13E-07 ++   2173.47608 -3.13746818E-08
  2.13E-07 ++   682.81688 -1.48482799E-07
  2.13E-07 ++   205.621303 -7.39540598E-07
  2.13E-07 ++   57.8665019 -4.03786004E-06
  2.13E-07 ++   14.9538639 -2.53151245E-05
  2.13E-07 ++   3.77510277 -0.000169489286
  2.13E-07 ++   1.05475828 -0.000910594061
  2.13E-07 ++   0.32827555 -0.00357100916
  2.13E-07 ++   0.0168105422 -0.000700159019
 info =   0
  2.16E-07 ++   1800891.14 -3.61395762E-12
  2.16E-07 ++   574787.83 -1.70550852E-11
  2.16E-07 ++   189516.687 -7.63874319E-11
  2.16E-07 ++   62675.2936 -3.41204423E-10
  2.16E-07 ++   20649.3924 -1.52890346E-09
  2.16E-07 ++   6747.89761 -6.91601902E-09
  2.16E-07 ++   2173.47608 -3.18160967E-08
  2.16E-07 ++   682.81688 -1.50565569E-07
  2.16E-07 ++   205.621303 -7.49878185E-07
  2.16E-07 ++   57.8665019 -4.09405185E-06
  2.16E-07 ++   14.9538639 -2.56648772E-05
  2.16E-07 ++   3.77510261 -0.000171803931
  2.16E-07 ++   1.05475696 -0.000922797098
  2.16E-07 ++   0.328266682 -0.00361697044
  2.16E-07 ++   0.0168156434 -0.000703193091
 info =   0
  2.19E-07 ++   1800891.14 -3.63699329E-12
  2.19E-07 ++   574787.83 -1.72469233E-11
  2.19E-07 ++   189516.687 -7.75463907E-11
  2.19E-07 ++   62675.2936 -3.45999997E-10
  2.19E-07 ++   20649.3924 -1.55016123E-09
  2.19E-07 ++   6747.89761 -7.01202681E-09
  2.19E-07 ++   2173.47608 -3.22573182E-08
  2.19E-07 ++   682.81688 -1.52647067E-07
  2.19E-07 ++   205.621303 -7.60214453E-07
  2.19E-07 ++   57.8665019 -4.1502312E-06
  2.19E-07 ++   14.9538639 -2.60145026E-05
  2.19E-07 ++   3.77510245 -0.00017411722
  2.19E-07 ++   1.05475563 -0.000934988773
  2.19E-07 ++   0.328257786 -0.00366285298
  2.19E-07 ++   0.0168206478 -0.000706193597
 info =   0
  2.22E-07 ++   1800891.14 -3.74348609E-12
  2.22E-07 ++   574787.83 -1.75490305E-11
  2.22E-07 ++   189516.687 -7.85826184E-11
  2.22E-07 ++   62675.2936 -3.50690589E-10
  2.22E-07 ++   20649.3924 -1.57135406E-09
  2.22E-07 ++   6747.89761 -7.10810559E-09
  2.22E-07 ++   2173.47608 -3.26986365E-08
  2.22E-07 ++   682.81688 -1.54729066E-07
  2.22E-07 ++   205.621303 -7.7054894E-07
  2.22E-07 ++   57.8665019 -4.20639811E-06
  2.22E-07 ++   14.9538639 -2.63640018E-05
  2.22E-07 ++   3.77510229 -0.000176429166
  2.22E-07 ++   1.05475429 -0.000947169213
  2.22E-07 ++   0.32824886 -0.00370865768
  2.22E-07 ++   0.0168255573 -0.000709163453
 info =   0
  2.25E-07 ++   1800891.14 -3.75066114E-12
  2.25E-07 ++   574787.83 -1.77948702E-11
  2.25E-07 ++   189516.687 -7.96547214E-11
  2.25E-07 ++   62675.2936 -3.55444247E-10
  2.25E-07 ++   20649.3924 -1.59262542E-09
  2.25E-07 ++   6747.89761 -7.20412509E-09
  2.25E-07 ++   2173.47608 -3.31399547E-08
  2.25E-07 ++   682.81688 -1.56810636E-07
  2.25E-07 ++   205.621303 -7.80882068E-07
  2.25E-07 ++   57.8665019 -4.26255273E-06
  2.25E-07 ++   14.9538639 -2.67133758E-05
  2.25E-07 ++   3.77510213 -0.000178739782
  2.25E-07 ++   1.05475295 -0.000959338541
  2.25E-07 ++   0.328239906 -0.00375438544
  2.25E-07 ++   0.0168303739 -0.000712105431
 info =   0
  2.28E-07 ++   1800891.14 -3.92097408E-12
  2.28E-07 ++   574787.83 -1.79897294E-11
  2.28E-07 ++   189516.687 -8.07132296E-11
  2.28E-07 ++   62675.2936 -3.6015863E-10
  2.28E-07 ++   20649.3924 -1.61380163E-09
  2.28E-07 ++   6747.89761 -7.3001374E-09
  2.28E-07 ++   2173.47608 -3.35813696E-08
  2.28E-07 ++   682.81688 -1.58892434E-07
  2.28E-07 ++   205.621303 -7.91213883E-07
  2.28E-07 ++   57.8665019 -4.31869521E-06
  2.28E-07 ++   14.9538638 -2.70626256E-05
  2.28E-07 ++   3.77510197 -0.000181049082
  2.28E-07 ++   1.0547516 -0.000971496881
  2.28E-07 ++   0.328230925 -0.00380003712
  2.28E-07 ++   0.0168350995 -0.00071502215
 info =   0
  2.31E-07 ++   1800891.14 -3.86395134E-12
  2.31E-07 ++   574787.83 -1.82744654E-11
  2.31E-07 ++   189516.687 -8.18042143E-11
  2.31E-07 ++   62675.2936 -3.65036151E-10
  2.31E-07 ++   20649.3924 -1.63510623E-09
  2.31E-07 ++   6747.89761 -7.39616181E-09
  2.31E-07 ++   2173.47608 -3.40227846E-08
  2.31E-07 ++   682.81688 -1.60972977E-07
  2.31E-07 ++   205.621303 -8.01544178E-07
  2.31E-07 ++   57.8665019 -4.37482552E-06
  2.31E-07 ++   14.9538638 -2.74117519E-05
  2.31E-07 ++   3.77510181 -0.000183357077
  2.31E-07 ++   1.05475025 -0.00098364435
  2.31E-07 ++   0.328221915 -0.00384561356
  2.31E-07 ++   0.016839736 -0.000717916086
 info =   0
  2.34E-07 ++   1800891.14 -3.97006651E-12
  2.34E-07 ++   574787.83 -1.8491605E-11
  2.34E-07 ++   189516.687 -8.29035069E-11
  2.34E-07 ++   62675.2936 -3.69654992E-10
  2.34E-07 ++   20649.3924 -1.65635947E-09
  2.34E-07 ++   6747.89761 -7.4922893E-09
  2.34E-07 ++   2173.47608 -3.4464006E-08
  2.34E-07 ++   682.81688 -1.63054127E-07
  2.34E-07 ++   205.621303 -8.11873065E-07
  2.34E-07 ++   57.8665019 -4.43094383E-06
  2.34E-07 ++   14.9538638 -2.77607558E-05
  2.34E-07 ++   3.77510164 -0.000185663781
  2.34E-07 ++   1.0547489 -0.000995781068
  2.34E-07 ++   0.328212879 -0.0038911156
  2.34E-07 ++   0.0168442854 -0.000720789582
 info =   0
  2.37E-07 ++   1800891.14 -3.99989959E-12
  2.37E-07 ++   574787.83 -1.87091222E-11
  2.37E-07 ++   189516.687 -8.38430603E-11
  2.37E-07 ++   62675.2936 -3.74348606E-10
  2.37E-07 ++   20649.3924 -1.67752586E-09
  2.37E-07 ++   6747.89761 -7.58825291E-09
  2.37E-07 ++   2173.47608 -3.49050342E-08
  2.37E-07 ++   682.81688 -1.65135375E-07
  2.37E-07 ++   205.621303 -8.22200661E-07
  2.37E-07 ++   57.8665019 -4.48705025E-06
  2.37E-07 ++   14.9538638 -2.81096382E-05
  2.37E-07 ++   3.77510148 -0.000187969206
  2.37E-07 ++   1.05474754 -0.00100790715
  2.37E-07 ++   0.328203816 -0.00393654404
  2.37E-07 ++   0.0168487496 -0.000723644841
 info =   0
  2.4E-07 ++   1800891.14 -4.02482344E-12
  2.4E-07 ++   574787.83 -1.89802634E-11
  2.4E-07 ++   189516.687 -8.49548149E-11
  2.4E-07 ++   62675.2936 -3.79191384E-10
  2.4E-07 ++   20649.3924 -1.6988501E-09
  2.4E-07 ++   6747.89761 -7.68429883E-09
  2.4E-07 ++   2173.47608 -3.53464491E-08
  2.4E-07 ++   682.81688 -1.67216041E-07
  2.4E-07 ++   205.621303 -8.32526927E-07
  2.4E-07 ++   57.8665019 -4.54314485E-06
  2.4E-07 ++   14.9538638 -2.84584E-05
  2.4E-07 ++   3.77510131 -0.000190273365
  2.4E-07 ++   1.05474617 -0.0010200227
  2.4E-07 ++   0.328194726 -0.00398189968
  2.4E-07 ++   0.0168531306 -0.000726483948
 info =   0
  2.43E-07 ++   1800891.14 -4.11658851E-12
  2.43E-07 ++   574787.83 -1.92374322E-11
  2.43E-07 ++   189516.687 -8.60008611E-11
  2.43E-07 ++   62675.2936 -3.83891417E-10
  2.43E-07 ++   20649.3924 -1.71998514E-09
  2.43E-07 ++   6747.89761 -7.78033041E-09
  2.43E-07 ++   2173.47608 -3.5787574E-08
  2.43E-07 ++   682.81688 -1.69296488E-07
  2.43E-07 ++   205.621303 -8.42851624E-07
  2.43E-07 ++   57.8665019 -4.59922766E-06
  2.43E-07 ++   14.9538638 -2.8807042E-05
  2.43E-07 ++   3.77510115 -0.000192576269
  2.43E-07 ++   1.0547448 -0.00103212784
  2.43E-07 ++   0.32818561 -0.00402718327
  2.43E-07 ++   0.0168574304 -0.000729308866
 info =   0
  2.46E-07 ++   1800891.14 -4.09015412E-12
  2.46E-07 ++   574787.83 -1.94794956E-11
  2.46E-07 ++   189516.687 -8.70888247E-11
  2.46E-07 ++   62675.2936 -3.88690768E-10
  2.46E-07 ++   20649.3924 -1.74122215E-09
  2.46E-07 ++   6747.89761 -7.87635972E-09
  2.46E-07 ++   2173.47608 -3.62287955E-08
  2.46E-07 ++   682.81688 -1.71377061E-07
  2.46E-07 ++   205.621303 -8.53175098E-07
  2.46E-07 ++   57.8665019 -4.65529879E-06
  2.46E-07 ++   14.9538637 -2.91555653E-05
  2.46E-07 ++   3.77510098 -0.00019487793
  2.46E-07 ++   1.05474343 -0.00104422266
  2.46E-07 ++   0.328176468 -0.00407239557
  2.46E-07 ++   0.0168616508 -0.000732121441
 info =   0
  2.49E-07 ++   1800891.14 -4.18078629E-12
  2.49E-07 ++   574787.83 -1.96271505E-11
  2.49E-07 ++   189516.687 -8.81005063E-11
  2.49E-07 ++   62675.2936 -3.9335266E-10
  2.49E-07 ++   20649.3924 -1.76251769E-09
  2.49E-07 ++   6747.89761 -7.97244417E-09
  2.49E-07 ++   2173.47608 -3.66701138E-08
  2.49E-07 ++   682.81688 -1.73457166E-07
  2.49E-07 ++   205.621303 -8.63497205E-07
  2.49E-07 ++   57.8665019 -4.71135834E-06
  2.49E-07 ++   14.9538637 -2.95039705E-05
  2.49E-07 ++   3.77510082 -0.000197178361
  2.49E-07 ++   1.05474205 -0.00105630729
  2.49E-07 ++   0.328167301 -0.00411753731
  2.49E-07 ++   0.0168657937 -0.000734923412
 info =   0
  2.52E-07 ++   1800891.14 -4.25480256E-12
  2.52E-07 ++   574787.83 -1.99424749E-11
  2.52E-07 ++   189516.687 -8.91714763E-11
  2.52E-07 ++   62675.2936 -3.98123311E-10
  2.52E-07 ++   20649.3924 -1.78372297E-09
  2.52E-07 ++   6747.89761 -8.06842628E-09
  2.52E-07 ++   2173.47608 -3.71112387E-08
  2.52E-07 ++   682.81688 -1.75537006E-07
  2.52E-07 ++   205.621303 -8.73817867E-07
  2.52E-07 ++   57.8665019 -4.76740635E-06
  2.52E-07 ++   14.9538637 -2.98522587E-05
  2.52E-07 ++   3.77510065 -0.000199477572
  2.52E-07 ++   1.05474067 -0.00106838181
  2.52E-07 ++   0.328158108 -0.0041626092
  2.52E-07 ++   0.0168698612 -0.000737716412
 info =   0
  2.55E-07 ++   1800891.14 -4.25064858E-12
  2.55E-07 ++   574787.83 -2.01694329E-11
  2.55E-07 ++   189516.687 -9.02484886E-11
  2.55E-07 ++   62675.2936 -4.0290378E-10
  2.55E-07 ++   20649.3924 -1.80496564E-09
  2.55E-07 ++   6747.89761 -8.16445521E-09
  2.55E-07 ++   2173.47608 -3.75521702E-08
  2.55E-07 ++   682.81688 -1.7761685E-07
  2.55E-07 ++   205.621303 -8.8413735E-07
  2.55E-07 ++   57.8665019 -4.82344299E-06
  2.55E-07 ++   14.9538637 -3.02004307E-05
  2.55E-07 ++   3.77510048 -0.000201775576
  2.55E-07 ++   1.05473928 -0.00108044632
  2.55E-07 ++   0.328148889 -0.00420761193
  2.55E-07 ++   0.0168738549 -0.000740501977
 info =   0
  2.58E-07 ++   1800891.14 -4.32126615E-12
  2.58E-07 ++   574787.83 -2.04692743E-11
  2.58E-07 ++   189516.687 -9.13621313E-11
  2.58E-07 ++   62675.2936 -4.0765215E-10
  2.58E-07 ++   20649.3924 -1.82614298E-09
  2.58E-07 ++   6747.89761 -8.2605846E-09
  2.58E-07 ++   2173.47608 -3.79932951E-08
  2.58E-07 ++   682.81688 -1.79696478E-07
  2.58E-07 ++   205.621303 -8.94455435E-07
  2.58E-07 ++   57.8665019 -4.87946821E-06
  2.58E-07 ++   14.9538637 -3.05484873E-05
  2.58E-07 ++   3.77510031 -0.000204072384
  2.58E-07 ++   1.05473789 -0.00109250093
  2.58E-07 ++   0.328139646 -0.00425254618
  2.58E-07 ++   0.0168777768 -0.000743281546
 info =   0
  2.61E-07 ++   1800891.14 -4.40472327E-12
  2.61E-07 ++   574787.83 -2.06286359E-11
  2.61E-07 ++   189516.687 -9.23186783E-11
  2.61E-07 ++   62675.2936 -4.12323483E-10
  2.61E-07 ++   20649.3924 -1.84746948E-09
  2.61E-07 ++   6747.89761 -8.35653801E-09
  2.61E-07 ++   2173.47608 -3.843442E-08
  2.61E-07 ++   682.81688 -1.81776162E-07
  2.61E-07 ++   205.621303 -9.04772205E-07
  2.61E-07 ++   57.8665019 -4.93548214E-06
  2.61E-07 ++   14.9538637 -3.08964295E-05
  2.61E-07 ++   3.77510015 -0.000206368006
  2.61E-07 ++   1.0547365 -0.00110454573
  2.61E-07 ++   0.328130378 -0.0042974126
  2.61E-07 ++   0.0168816286 -0.000746056471
 info =   0
  2.64E-07 ++   1800891.14 -4.43871033E-12
  2.64E-07 ++   574787.83 -2.08272714E-11
  2.64E-07 ++   189516.687 -9.34833016E-11
  2.64E-07 ++   62675.2936 -4.16972158E-10
  2.64E-07 ++   20649.3924 -1.8687771E-09
  2.64E-07 ++   6747.89761 -8.4526174E-09
  2.64E-07 ++   2173.47608 -3.88755448E-08
  2.64E-07 ++   682.81688 -1.83855286E-07
  2.64E-07 ++   205.621303 -9.15087686E-07
  2.64E-07 ++   57.8665019 -4.9914849E-06
  2.64E-07 ++   14.9538636 -3.12442579E-05
  2.64E-07 ++   3.77509998 -0.000208662454
  2.64E-07 ++   1.0547351 -0.0011165808
  2.64E-07 ++   0.328121086 -0.00434221182
  2.64E-07 ++   0.0168854123 -0.000748828014
 info =   0
  2.67E-07 ++   1800891.14 -4.53689518E-12
  2.67E-07 ++   574787.83 -2.11422182E-11
  2.67E-07 ++   189516.687 -9.45369005E-11
  2.67E-07 ++   62675.2936 -4.21857987E-10
  2.67E-07 ++   20649.3924 -1.88992763E-09
  2.67E-07 ++   6747.89761 -8.5486739E-09
  2.67E-07 ++   2173.47608 -3.93165731E-08
  2.67E-07 ++   682.81688 -1.85934396E-07
  2.67E-07 ++   205.621303 -9.25401854E-07
  2.67E-07 ++   57.8665019 -5.04747646E-06
  2.67E-07 ++   14.9538636 -3.15919735E-05
  2.67E-07 ++   3.77509981 -0.000210955738
  2.67E-07 ++   1.05473369 -0.00112860625
  2.67E-07 ++   0.328111769 -0.00438694448
  2.67E-07 ++   0.0168891294 -0.000751597361
 info =   0
  2.7E-07 ++   1800891.14 -4.62224047E-12
  2.7E-07 ++   574787.83 -2.12411583E-11
  2.7E-07 ++   189516.687 -9.5603339E-11
  2.7E-07 ++   62675.2936 -4.26514214E-10
  2.7E-07 ++   20649.3924 -1.91117332E-09
  2.7E-07 ++   6747.89761 -8.64466545E-09
  2.7E-07 ++   2173.47608 -3.97575046E-08
  2.7E-07 ++   682.81688 -1.88013257E-07
  2.7E-07 ++   205.621303 -9.35714749E-07
  2.7E-07 ++   57.8665019 -5.10345693E-06
  2.7E-07 ++   14.9538636 -3.19395771E-05
  2.7E-07 ++   3.77509964 -0.000213247868
  2.7E-07 ++   1.05473229 -0.00114062215
  2.7E-07 ++   0.328102427 -0.00443161116
  2.7E-07 ++   0.0168927818 -0.000754365619
 info =   0
  2.73E-07 ++   1800891.14 -4.66378021E-12
  2.73E-07 ++   574787.83 -2.15304259E-11
  2.73E-07 ++   189516.687 -9.6659959E-11
  2.73E-07 ++   62675.2936 -4.313079E-10
  2.73E-07 ++   20649.3924 -1.93237596E-09
  2.73E-07 ++   6747.89761 -8.74068722E-09
  2.73E-07 ++   2173.47608 -4.01985328E-08
  2.73E-07 ++   682.81688 -1.9009215E-07
  2.73E-07 ++   205.621303 -9.46026385E-07
  2.73E-07 ++   57.8665019 -5.15942636E-06
  2.73E-07 ++   14.9538636 -3.22870696E-05
  2.73E-07 ++   3.77509947 -0.000215538856
  2.73E-07 ++   1.05473087 -0.0011526286
  2.73E-07 ++   0.328093062 -0.00447621245
  2.73E-07 ++   0.0168963712 -0.00075713382
 info =   0
  2.76E-07 ++   1800891.14 -4.68568299E-12
  2.76E-07 ++   574787.83 -2.17411457E-11
  2.76E-07 ++   189516.687 -9.76976972E-11
  2.76E-07 ++   62675.2936 -4.36032102E-10
  2.76E-07 ++   20649.3924 -1.95359219E-09
  2.76E-07 ++   6747.89761 -8.83671502E-09
  2.76E-07 ++   2173.47608 -4.06397544E-08
  2.76E-07 ++   682.81688 -1.92170655E-07
  2.76E-07 ++   205.621303 -9.56336705E-07
  2.76E-07 ++   57.8665019 -5.21538494E-06
  2.76E-07 ++   14.9538636 -3.26344517E-05
  2.76E-07 ++   3.7750993 -0.000217828711
  2.76E-07 ++   1.05472946 -0.00116462567
  2.76E-07 ++   0.328083673 -0.00452074893
  2.76E-07 ++   0.0168998992 -0.000759902932
 info =   0
  2.79E-07 ++   1800891.14 -4.65773806E-12
  2.79E-07 ++   574787.83 -2.20900795E-11
  2.79E-07 ++   189516.687 -9.88517468E-11
  2.79E-07 ++   62675.2936 -4.40826544E-10
  2.79E-07 ++   20649.3924 -1.97481523E-09
  2.79E-07 ++   6747.89761 -8.93273829E-09
  2.79E-07 ++   2173.47608 -4.10805892E-08
  2.79E-07 ++   682.81688 -1.94249198E-07
  2.79E-07 ++   205.621303 -9.66645711E-07
  2.79E-07 ++   57.8665019 -5.27133254E-06
  2.79E-07 ++   14.9538636 -3.29817242E-05
  2.79E-07 ++   3.77509912 -0.000220117444
  2.79E-07 ++   1.05472804 -0.00117661345
  2.79E-07 ++   0.328074261 -0.00456522114
  2.79E-07 ++   0.0169033674 -0.000762673853
 info =   0
  2.82E-07 ++   1800891.14 -4.69399093E-12
  2.82E-07 ++   574787.83 -2.22955125E-11
  2.82E-07 ++   189516.687 -9.97988529E-11
  2.82E-07 ++   62675.2936 -4.4554999E-10
  2.82E-07 ++   20649.3924 -1.99608811E-09
  2.82E-07 ++   6747.89761 -9.02882199E-09
  2.82E-07 ++   2173.47608 -4.15218108E-08
  2.82E-07 ++   682.81688 -1.96327437E-07
  2.82E-07 ++   205.621303 -9.76953597E-07
  2.82E-07 ++   57.8665019 -5.32726939E-06
  2.82E-07 ++   14.9538635 -3.33288881E-05
  2.82E-07 ++   3.77509895 -0.000222405063
  2.82E-07 ++   1.05472661 -0.00118859201
  2.82E-07 ++   0.328064825 -0.00460962962
  2.82E-07 ++   0.0169067775 -0.000765447422
 info =   0
  2.85E-07 ++   1800891.14 -4.82540757E-12
  2.85E-07 ++   574787.83 -2.24133343E-11
  2.85E-07 ++   189516.687 -1.00920426E-10
  2.85E-07 ++   62675.2936 -4.503686E-10
  2.85E-07 ++   20649.3924 -2.01739875E-09
  2.85E-07 ++   6747.89761 -9.12484979E-09
  2.85E-07 ++   2173.47608 -4.19624523E-08
  2.85E-07 ++   682.81688 -1.98405735E-07
  2.85E-07 ++   205.621303 -9.87260213E-07
  2.85E-07 ++   57.8665019 -5.38319548E-06
  2.85E-07 ++   14.9538635 -3.3675944E-05
  2.85E-07 ++   3.77509878 -0.000224691578
  2.85E-07 ++   1.05472518 -0.00120056144
  2.85E-07 ++   0.328055366 -0.0046539749
  2.85E-07 ++   0.0169101311 -0.000768224417
 info =   0
  2.88E-07 ++   1800891.14 -4.84655508E-12
  2.88E-07 ++   574787.83 -2.27048677E-11
  2.88E-07 ++   189516.687 -1.02041244E-10
  2.88E-07 ++   62675.2936 -4.55043709E-10
  2.88E-07 ++   20649.3924 -2.03856287E-09
  2.88E-07 ++   6747.89761 -9.22079452E-09
  2.88E-07 ++   2173.47608 -4.24032872E-08
  2.88E-07 ++   682.81688 -2.00483535E-07
  2.88E-07 ++   205.621303 -9.97565566E-07
  2.88E-07 ++   57.8665019 -5.43911082E-06
  2.88E-07 ++   14.9538635 -3.40228927E-05
  2.88E-07 ++   3.77509861 -0.000226977
  2.88E-07 ++   1.05472375 -0.0012125218
  2.88E-07 ++   0.328045883 -0.00469825748
  2.88E-07 ++   0.0169134296 -0.000771005563
 info =   0
  2.91E-07 ++   1800891.14 -4.81861016E-12
  2.91E-07 ++   574787.83 -2.30092407E-11
  2.91E-07 ++   189516.687 -1.03023847E-10
  2.91E-07 ++   62675.2936 -4.59702958E-10
  2.91E-07 ++   20649.3924 -2.05970962E-09
  2.91E-07 ++   6747.89761 -9.31690087E-09
  2.91E-07 ++   2173.47608 -4.28441221E-08
  2.91E-07 ++   682.81688 -2.02561292E-07
  2.91E-07 ++   205.621303 -1.00786968E-06
  2.91E-07 ++   57.8665018 -5.49501558E-06
  2.91E-07 ++   14.9538635 -3.43697351E-05
  2.91E-07 ++   3.77509843 -0.000229261336
  2.91E-07 ++   1.05472231 -0.00122447317
  2.91E-07 ++   0.328036378 -0.00474247784
  2.91E-07 ++   0.0169166745 -0.000773791527
 info =   0
  2.94E-07 ++   1800891.14 -4.8269181E-12
  2.94E-07 ++   574787.83 -2.32501713E-11
  2.94E-07 ++   189516.687 -1.04021557E-10
  2.94E-07 ++   62675.2936 -4.64456615E-10
  2.94E-07 ++   20649.3924 -2.08099232E-09
  2.94E-07 ++   6747.89761 -9.41290148E-09
  2.94E-07 ++   2173.47608 -4.32851503E-08
  2.94E-07 ++   682.81688 -2.04639177E-07
  2.94E-07 ++   205.621303 -1.01817259E-06
  2.94E-07 ++   57.8665018 -5.55090978E-06
  2.94E-07 ++   14.9538635 -3.47164719E-05
  2.94E-07 ++   3.77509826 -0.000231544597
  2.94E-07 ++   1.05472087 -0.00123641561
  2.94E-07 ++   0.328026849 -0.00478663648
  2.94E-07 ++   0.0169198674 -0.000776582936
 info =   0
  2.97E-07 ++   1800891.14 -5.02781941E-12
  2.97E-07 ++   574787.83 -2.34858149E-11
  2.97E-07 ++   189516.687 -1.05193733E-10
  2.97E-07 ++   62675.2936 -4.69286554E-10
  2.97E-07 ++   20649.3924 -2.10221308E-09
  2.97E-07 ++   6747.89761 -9.50895345E-09
  2.97E-07 ++   2173.47608 -4.37263718E-08
  2.97E-07 ++   682.81688 -2.06716559E-07
  2.97E-07 ++   205.621303 -1.02847432E-06
  2.97E-07 ++   57.8665018 -5.60679348E-06
  2.97E-07 ++   14.9538635 -3.50631039E-05
  2.97E-07 ++   3.77509808 -0.00023382679
  2.97E-07 ++   1.05471943 -0.00124834921
  2.97E-07 ++   0.328017298 -0.00483073385
  2.97E-07 ++   0.0169230096 -0.000779380364
 info =   0
  3.E-07 ++   1800891.14 -5.03914843E-12
  3.E-07 ++   574787.83 -2.37282559E-11
  3.E-07 ++   189516.687 -1.06197484E-10
  3.E-07 ++   62675.2936 -4.74017553E-10
  3.E-07 ++   20649.3924 -2.12341195E-09
  3.E-07 ++   6747.89761 -9.60493745E-09
  3.E-07 ++   2173.47608 -4.41670133E-08
  3.E-07 ++   682.81688 -2.0879393E-07
  3.E-07 ++   205.621303 -1.03877471E-06
  3.E-07 ++   57.8665018 -5.66266671E-06
  3.E-07 ++   14.9538634 -3.54096319E-05
  3.E-07 ++   3.77509791 -0.000236107925
  3.E-07 ++   1.05471798 -0.00126027402
  3.E-07 ++   0.328007725 -0.00487477041
  3.E-07 ++   0.0169261026 -0.000782184341
