title temper 44 bf's 1.90
7  //nbasis
 1 1 0  0.00  0.00  0.00  9000.0000000000000
 1 1 0  0.00  0.00  0.00  3000.0000000000000
 1 1 0  0.00  0.00  0.00  1000.0000000000000
 1 1 0  0.00  0.00  0.00  333.33333333333333
 1 1 0  0.00  0.00  0.00  111.11111111111111
 1 1 0  0.00  0.00  0.00  1.881676423E-003   
 1 1 0  0.00  0.00  0.00  1.062211848E-08   
-31.2650    1.00 20.0                   // -3.15094405// Q    
1   1  1.00000 0.00  0.00000000 0.000   //nthet,nalp,alpstrt,alpstp,thstart,thste
-10  0.0                    //min mix














 1 1 0  0.00  0.00  0.00  0.800000000000E+05
 1 1 0  0.00  0.00  0.00  0.421052631579E+05
 1 1 0  0.00  0.00  0.00  0.221606648199E+05
 1 1 0  0.00  0.00  0.00  0.116635078000E+05
 1 1 0  0.00  0.00  0.00  0.613868831577E+04
 1 1 0  0.00  0.00  0.00  0.323088858725E+04
 1 1 0  0.00  0.00  0.00  0.170046767750E+04
 1 1 0  0.00  0.00  0.00  0.894982988158E+03
 1 1 0  0.00  0.00  0.00  0.471043677978E+03
 1 1 0  0.00  0.00  0.00  0.247917725251E+03

