title temper 44 bf's 1.90
48 //nbasis
 1 1 0  0.00  0.00  0.00  0.400000000000E+05
 1 1 0  0.00  0.00  0.00  0.210526315789E+05
 1 1 0  0.00  0.00  0.00  0.110803324100E+05
 1 1 0  0.00  0.00  0.00  0.583175389999E+04
 1 1 0  0.00  0.00  0.00  0.306934415789E+04
 1 1 0  0.00  0.00  0.00  0.161544429362E+04
 1 1 0  0.00  0.00  0.00  0.850233838750E+03
 1 1 0  0.00  0.00  0.00  0.447491494079E+03
 1 1 0  0.00  0.00  0.00  0.235521838989E+03
 1 1 0  0.00  0.00  0.00  0.123958862626E+03
 1 1 0  0.00  0.00  0.00  0.652415066451E+02
 1 1 0  0.00  0.00  0.00  0.343376350764E+02
 1 1 0  0.00  0.00  0.00  0.180724395139E+02
 1 1 0  0.00  0.00  0.00  0.951181027047E+01
 1 1 0  0.00  0.00  0.00  0.500621593182E+01
 1 1 0  0.00  0.00  0.00  0.263485049043E+01
 1 1 0  0.00  0.00  0.00  0.138676341602E+01
 1 1 0  0.00  0.00  0.00  0.729875482115E+00
 1 1 0  0.00  0.00  0.00  0.384144990587E+00
 1 1 0  0.00  0.00  0.00  0.202181573993E+00
 1 1 0  0.00  0.00  0.00  0.106411354733E+00
 1 1 0  0.00  0.00  0.00  0.560059761753E-01
 1 1 0  0.00  0.00  0.00  0.294768295660E-01
 1 1 0  0.00  0.00  0.00  0.155141208242E-01
 1 1 0  0.00  0.00  0.00  0.816532674957E-02
 1 1 0  0.00  0.00  0.00  0.429754039451E-02
 1 1 0  0.00  0.00  0.00  0.226186336553E-02
 1 1 0  0.00  0.00  0.00  0.119045440291E-02
 1 1 0  0.00  0.00  0.00  0.626554948901E-03
 1 1 0  0.00  0.00  0.00  0.329765762580E-03
 1 1 0  0.00  0.00  0.00  0.173560927673E-03
 1 1 0  0.00  0.00  0.00  0.913478566702E-04
 1 1 0  0.00  0.00  0.00  0.480778193001E-04
 1 1 0  0.00  0.00  0.00  0.253041154211E-04
 1 1 0  0.00  0.00  0.00  0.133179554848E-04
 1 1 0  0.00  0.00  0.00  0.700945025516E-05
 1 1 0  0.00  0.00  0.00  0.368918434482E-05
 1 1 0  0.00  0.00  0.00  0.194167597096E-05
 1 1 0  0.00  0.00  0.00  0.102193472156E-05
 1 1 0  0.00  0.00  0.00  0.537860379767E-06
 1 1 0  0.00  0.00  0.00  0.283084410404E-06
 1 1 0  0.00  0.00  0.00  0.148991794949E-06
 1 1 0  0.00  0.00  0.00  0.784167341838E-07
 1 1 0  0.00  0.00  0.00  0.412719653599E-07
 1 1 0  0.00  0.00  0.00  0.217220870315E-07
 1 1 0  0.00  0.00  0.00  0.114326773850E-07
 1 1 0  0.00  0.00  0.00  0.601719862369E-08
 1 1 0  0.00  0.00  0.00  0.316694664405E-08
3 // nnuc
0.0 0.0  0.0       2.0  //nx,ny,nz,nchg
0.0 0.0  3.9000    -1.0
0.0 0.0 -3.9000    -1.0
7  7  1.430 0.010 0.180 0.001//nsttep,alpmag,thstart,thstep
0.00300 0.00380 //min mix














78  3
2 0 0 9000.0        0.0 0.0 0.0
0 2 0 9000.0        0.0 0.0 0.0
0 0 2 9000.0        0.0 0.0 0.0
2 0 0 3000.0        0.0 0.0 0.0
0 2 0 3000.0        0.0 0.0 0.0
0 0 2 3000.0        0.0 0.0 0.0
2 0 0 1000.0        0.0 0.0 0.0
0 2 0 1000.0        0.0 0.0 0.0
0 0 2 1000.0        0.0 0.0 0.0
2 0 0 333.3333      0.0 0.0 0.0
0 2 0 333.3333      0.0 0.0 0.0
0 0 2 333.3333      0.0 0.0 0.0
2 0 0 111.1111      0.0 0.0 0.0
0 2 0 111.1111      0.0 0.0 0.0
0 0 2 111.1111      0.0 0.0 0.0
2 0 0 37.037037     0.0 0.0 0.0
0 2 0 37.037037     0.0 0.0 0.0
0 0 2 37.037037     0.0 0.0 0.0
2 0 0 12.345679     0.0 0.0 0.0
0 2 0 12.345679     0.0 0.0 0.0
0 0 2 12.345679     0.0 0.0 0.0
2 0 0 4.11522634    0.0 0.0 0.0
0 2 0 4.11522634    0.0 0.0 0.0
0 0 2 4.11522634    0.0 0.0 0.0
2 0 0 1.3717421     0.0 0.0 0.0
0 2 0 1.3717421     0.0 0.0 0.0
0 0 2 1.3717421     0.0 0.0 0.0
2 0 0 0.457247371   0.0 0.0 0.0
0 2 0 0.457247371   0.0 0.0 0.0
0 0 2 0.457247371   0.0 0.0 0.0
2 0 0 0.15241579    0.0 0.0 0.0
0 2 0 0.15241579    0.0 0.0 0.0
0 0 2 0.15241579    0.0 0.0 0.0
2 0 0 0.050805263   0.0 0.0 0.0
0 2 0 0.050805263   0.0 0.0 0.0
0 0 2 0.050805263   0.0 0.0 0.0
2 0 0 0.016935088   0.0 0.0 0.0
0 2 0 0.016935088   0.0 0.0 0.0
0 0 2 0.016935088   0.0 0.0 0.0
2 0 0 0.005645029269  0.0 0.0 0.0
0 2 0 0.005645029269  0.0 0.0 0.0
0 0 2 0.005645029269  0.0 0.0 0.0
2 0 0 1.881676423E-03    0.0 0.0 0.0
0 2 0 1.881676423E-03    0.0 0.0 0.0
0 0 2 1.881676423E-03    0.0 0.0 0.0
2 0 0 6.272254744E-04    0.0 0.0 0.0
0 2 0 6.272254744E-04    0.0 0.0 0.0
0 0 2 6.272254744E-04    0.0 0.0 0.0
2 0 0 2.090751581E-04    0.0 0.0 0.0
0 2 0 2.090751581E-04    0.0 0.0 0.0
0 0 2 2.090751581E-04    0.0 0.0 0.0
2 0 0 6.969171938E-05    0.0 0.0 0.0
0 2 0 6.969171938E-05    0.0 0.0 0.0
0 0 2 6.969171938E-05    0.0 0.0 0.0
2 0 0 2.323057313E-05    0.0 0.0 0.0
0 2 0 2.323057313E-05    0.0 0.0 0.0
0 0 2 2.323057313E-05    0.0 0.0 0.0
2 0 0 7.743524375E-06    0.0 0.0 0.0
0 2 0 7.743524375E-06    0.0 0.0 0.0
0 0 2 7.743524375E-06    0.0 0.0 0.0
2 0 0 2.581174792E-06    0.0 0.0 0.0
0 2 0 2.581174792E-06    0.0 0.0 0.0
0 0 2 2.581174792E-06    0.0 0.0 0.0
2 0 0 8.603915972E-07    0.0 0.0 0.0
0 2 0 8.603915972E-07    0.0 0.0 0.0
0 0 2 8.603915972E-07    0.0 0.0 0.0
2 0 0 2.867971991E-07    0.0 0.0 0.0
0 2 0 2.867971991E-07    0.0 0.0 0.0
0 0 2 2.867971991E-07    0.0 0.0 0.0
2 0 0 9.559906636E-08    0.0 0.0 0.0
0 2 0 9.559906636E-08    0.0 0.0 0.0
0 0 2 9.559906636E-08    0.0 0.0 0.0
2 0 0 3.186635545E-08    0.0 0.0 0.0
0 2 0 3.186635545E-08    0.0 0.0 0.0
0 0 2 3.186635545E-08    0.0 0.0 0.0
2 0 0 1.062211848E-08    0.0 0.0 0.0
0 2 0 1.062211848E-08    0.0 0.0 0.0
0 0 2 1.062211848E-08    0.0 0.0 0.0

0.0 0.0 0.0 2.0
0.0 0.0 3.9 0.0
0.0 0.0 3.9 0.0



2 0 0 200.0 0.0 0.0 0.0
0 2 0 200.0 0.0 0.0 0.0
0 0 2 200.0 0.0 0.0 0.0
1 1 0 200.0 0.0 0.0 0.0
1 0 1 200.0 0.0 0.0 0.0
0 1 1 200.0 0.0 0.0 0.0
2 0 0 100.0 0.0 0.0 0.0
0 2 0 100.0 0.0 0.0 0.0
0 0 2 100.0 0.0 0.0 0.0
1 1 0 100.0 0.0 0.0 0.0
1 0 1 100.0 0.0 0.0 0.0
0 1 1 100.0 0.0 0.0 0.0

