title temper 44 bf's 1.90
52 //nbasis
 1 1 0  0.00  0.00  0.00  0.800000000000E+05
 1 1 0  0.00  0.00  0.00  0.421052631579E+05
 1 1 0  0.00  0.00  0.00  0.221606648199E+05
 1 1 0  0.00  0.00  0.00  0.116635078000E+05
 1 1 0  0.00  0.00  0.00  0.613868831577E+04
 1 1 0  0.00  0.00  0.00  0.323088858725E+04
 1 1 0  0.00  0.00  0.00  0.170046767750E+04
 1 1 0  0.00  0.00  0.00  0.894982988158E+03
 1 1 0  0.00  0.00  0.00  0.471043677978E+03
 1 1 0  0.00  0.00  0.00  0.247917725251E+03
 1 1 0  0.00  0.00  0.00  0.130483013290E+03
 1 1 0  0.00  0.00  0.00  0.686752701528E+02
 1 1 0  0.00  0.00  0.00  0.361448790278E+02
 1 1 0  0.00  0.00  0.00  0.190236205409E+02
 1 1 0  0.00  0.00  0.00  0.100124318636E+02
 1 1 0  0.00  0.00  0.00  0.526970098087E+01
 1 1 0  0.00  0.00  0.00  0.277352683204E+01
 1 1 0  0.00  0.00  0.00  0.145975096423E+01
 1 1 0  0.00  0.00  0.00  0.768289981173E+00
 1 1 0  0.00  0.00  0.00  0.404363147986E+00
 1 1 0  0.00  0.00  0.00  0.212822709466E+00
 1 1 0  0.00  0.00  0.00  0.112011952351E+00
 1 1 0  0.00  0.00  0.00  0.589536591319E-01
 1 1 0  0.00  0.00  0.00  0.310282416484E-01
 1 1 0  0.00  0.00  0.00  0.163306534991E-01
 1 1 0  0.00  0.00  0.00  0.859508078903E-02
 1 1 0  0.00  0.00  0.00  0.452372673107E-02
 1 1 0  0.00  0.00  0.00  0.238090880582E-02
 1 1 0  0.00  0.00  0.00  0.125310989780E-02
 1 1 0  0.00  0.00  0.00  0.659531525159E-03
 1 1 0  0.00  0.00  0.00  0.347121855347E-03
 1 1 0  0.00  0.00  0.00  0.182695713340E-03
 1 1 0  0.00  0.00  0.00  0.961556386003E-04
 1 1 0  0.00  0.00  0.00  0.506082308422E-04
 1 1 0  0.00  0.00  0.00  0.266359109696E-04
 1 1 0  0.00  0.00  0.00  0.140189005103E-04
 1 1 0  0.00  0.00  0.00  0.737836868964E-05
 1 1 0  0.00  0.00  0.00  0.388335194192E-05
 1 1 0  0.00  0.00  0.00  0.204386944311E-05
 1 1 0  0.00  0.00  0.00  0.107572075953E-05
 1 1 0  0.00  0.00  0.00  0.566168820807E-06
 1 1 0  0.00  0.00  0.00  0.297983589898E-06
 1 1 0  0.00  0.00  0.00  0.156833468368E-06
 1 1 0  0.00  0.00  0.00  0.825439307198E-07
 1 1 0  0.00  0.00  0.00  0.434441740630E-07
 1 1 0  0.00  0.00  0.00  0.228653547700E-07
 1 1 0  0.00  0.00  0.00  0.120343972474E-07
 1 1 0  0.00  0.00  0.00  0.633389328810E-08
 1 1 0  0.00  0.00  0.00  0.333362804637E-08
 1 1 0  0.00  0.00  0.00  0.175454107703E-08
 1 1 0  0.00  0.00  0.00  0.923442672124E-09
 1 1 0  0.00  0.00  0.00  0.486022459012E-09
3 // nnuc
0.0 0.0  0.0       2.0  //nx,ny,nz,nchg
0.0 0.0  4.0000    -1.0
0.0 0.0 -4.0000    -1.0
1  1  1.262 0.0001 0.0000 0.0001//nsttep,alpmag,thstart,thstep
-2.40800 0.00000 //min mix














78  3
2 0 0 9000.0        0.0 0.0 0.0
0 2 0 9000.0        0.0 0.0 0.0
0 0 2 9000.0        0.0 0.0 0.0
2 0 0 3000.0        0.0 0.0 0.0
0 2 0 3000.0        0.0 0.0 0.0
0 0 2 3000.0        0.0 0.0 0.0
2 0 0 1000.0        0.0 0.0 0.0
0 2 0 1000.0        0.0 0.0 0.0
0 0 2 1000.0        0.0 0.0 0.0
2 0 0 333.3333      0.0 0.0 0.0
0 2 0 333.3333      0.0 0.0 0.0
0 0 2 333.3333      0.0 0.0 0.0
2 0 0 111.1111      0.0 0.0 0.0
0 2 0 111.1111      0.0 0.0 0.0
0 0 2 111.1111      0.0 0.0 0.0
2 0 0 37.037037     0.0 0.0 0.0
0 2 0 37.037037     0.0 0.0 0.0
0 0 2 37.037037     0.0 0.0 0.0
2 0 0 12.345679     0.0 0.0 0.0
0 2 0 12.345679     0.0 0.0 0.0
0 0 2 12.345679     0.0 0.0 0.0
2 0 0 4.11522634    0.0 0.0 0.0
0 2 0 4.11522634    0.0 0.0 0.0
0 0 2 4.11522634    0.0 0.0 0.0
2 0 0 1.3717421     0.0 0.0 0.0
0 2 0 1.3717421     0.0 0.0 0.0
0 0 2 1.3717421     0.0 0.0 0.0
2 0 0 0.457247371   0.0 0.0 0.0
0 2 0 0.457247371   0.0 0.0 0.0
0 0 2 0.457247371   0.0 0.0 0.0
2 0 0 0.15241579    0.0 0.0 0.0
0 2 0 0.15241579    0.0 0.0 0.0
0 0 2 0.15241579    0.0 0.0 0.0
2 0 0 0.050805263   0.0 0.0 0.0
0 2 0 0.050805263   0.0 0.0 0.0
0 0 2 0.050805263   0.0 0.0 0.0
2 0 0 0.016935088   0.0 0.0 0.0
0 2 0 0.016935088   0.0 0.0 0.0
0 0 2 0.016935088   0.0 0.0 0.0
2 0 0 0.005645029269  0.0 0.0 0.0
0 2 0 0.005645029269  0.0 0.0 0.0
0 0 2 0.005645029269  0.0 0.0 0.0
2 0 0 1.881676423E-03    0.0 0.0 0.0
0 2 0 1.881676423E-03    0.0 0.0 0.0
0 0 2 1.881676423E-03    0.0 0.0 0.0
2 0 0 6.272254744E-04    0.0 0.0 0.0
0 2 0 6.272254744E-04    0.0 0.0 0.0
0 0 2 6.272254744E-04    0.0 0.0 0.0
2 0 0 2.090751581E-04    0.0 0.0 0.0
0 2 0 2.090751581E-04    0.0 0.0 0.0
0 0 2 2.090751581E-04    0.0 0.0 0.0
2 0 0 6.969171938E-05    0.0 0.0 0.0
0 2 0 6.969171938E-05    0.0 0.0 0.0
0 0 2 6.969171938E-05    0.0 0.0 0.0
2 0 0 2.323057313E-05    0.0 0.0 0.0
0 2 0 2.323057313E-05    0.0 0.0 0.0
0 0 2 2.323057313E-05    0.0 0.0 0.0
2 0 0 7.743524375E-06    0.0 0.0 0.0
0 2 0 7.743524375E-06    0.0 0.0 0.0
0 0 2 7.743524375E-06    0.0 0.0 0.0
2 0 0 2.581174792E-06    0.0 0.0 0.0
0 2 0 2.581174792E-06    0.0 0.0 0.0
0 0 2 2.581174792E-06    0.0 0.0 0.0
2 0 0 8.603915972E-07    0.0 0.0 0.0
0 2 0 8.603915972E-07    0.0 0.0 0.0
0 0 2 8.603915972E-07    0.0 0.0 0.0
2 0 0 2.867971991E-07    0.0 0.0 0.0
0 2 0 2.867971991E-07    0.0 0.0 0.0
0 0 2 2.867971991E-07    0.0 0.0 0.0
2 0 0 9.559906636E-08    0.0 0.0 0.0
0 2 0 9.559906636E-08    0.0 0.0 0.0
0 0 2 9.559906636E-08    0.0 0.0 0.0
2 0 0 3.186635545E-08    0.0 0.0 0.0
0 2 0 3.186635545E-08    0.0 0.0 0.0
0 0 2 3.186635545E-08    0.0 0.0 0.0
2 0 0 1.062211848E-08    0.0 0.0 0.0
0 2 0 1.062211848E-08    0.0 0.0 0.0
0 0 2 1.062211848E-08    0.0 0.0 0.0

0.0 0.0 0.0 2.0
0.0 0.0 3.9 0.0
0.0 0.0 3.9 0.0



2 0 0 200.0 0.0 0.0 0.0
0 2 0 200.0 0.0 0.0 0.0
0 0 2 200.0 0.0 0.0 0.0
1 1 0 200.0 0.0 0.0 0.0
1 0 1 200.0 0.0 0.0 0.0
0 1 1 200.0 0.0 0.0 0.0
2 0 0 100.0 0.0 0.0 0.0
0 2 0 100.0 0.0 0.0 0.0
0 0 2 100.0 0.0 0.0 0.0
1 1 0 100.0 0.0 0.0 0.0
1 0 1 100.0 0.0 0.0 0.0
0 1 1 100.0 0.0 0.0 0.0

