title temper 44 bf's 1.90
47 //nbasis
 1 1 0  0.00  0.00  0.00  0.800000000000E+05
 1 1 0  0.00  0.00  0.00  0.421052631579E+05
 1 1 0  0.00  0.00  0.00  0.221606648199E+05
 1 1 0  0.00  0.00  0.00  0.116635078000E+05
 1 1 0  0.00  0.00  0.00  0.613868831577E+04
 1 1 0  0.00  0.00  0.00  0.323088858725E+04
 1 1 0  0.00  0.00  0.00  0.170046767750E+04
 1 1 0  0.00  0.00  0.00  0.894982988158E+03
 1 1 0  0.00  0.00  0.00  0.471043677978E+03
 1 1 0  0.00  0.00  0.00  0.247917725251E+03
 1 1 0  0.00  0.00  0.00  0.130483013290E+03
 1 1 0  0.00  0.00  0.00  0.686752701528E+02
 1 1 0  0.00  0.00  0.00  0.361448790278E+02
 1 1 0  0.00  0.00  0.00  0.190236205409E+02
 1 1 0  0.00  0.00  0.00  0.100124318636E+02
 1 1 0  0.00  0.00  0.00  0.526970098087E+01
 1 1 0  0.00  0.00  0.00  0.277352683204E+01
 1 1 0  0.00  0.00  0.00  0.145975096423E+01
 1 1 0  0.00  0.00  0.00  0.768289981173E+00
 1 1 0  0.00  0.00  0.00  0.404363147986E+00
 1 1 0  0.00  0.00  0.00  0.212822709466E+00
 1 1 0  0.00  0.00  0.00  0.112011952351E+00
 1 1 0  0.00  0.00  0.00  0.589536591319E-01
 1 1 0  0.00  0.00  0.00  0.310282416484E-01
 1 1 0  0.00  0.00  0.00  0.163306534991E-01
 1 1 0  0.00  0.00  0.00  0.859508078903E-02
 1 1 0  0.00  0.00  0.00  0.452372673107E-02
 1 1 0  0.00  0.00  0.00  0.238090880582E-02
 1 1 0  0.00  0.00  0.00  0.125310989780E-02
 1 1 0  0.00  0.00  0.00  0.659531525159E-03
 1 1 0  0.00  0.00  0.00  0.347121855347E-03
 1 1 0  0.00  0.00  0.00  0.182695713340E-03
 1 1 0  0.00  0.00  0.00  0.961556386003E-04
 1 1 0  0.00  0.00  0.00  0.506082308422E-04
 1 1 0  0.00  0.00  0.00  0.266359109696E-04
 1 1 0  0.00  0.00  0.00  0.140189005103E-04
 1 1 0  0.00  0.00  0.00  0.737836868964E-05
 1 1 0  0.00  0.00  0.00  0.388335194192E-05
 1 1 0  0.00  0.00  0.00  0.204386944311E-05
 1 1 0  0.00  0.00  0.00  0.107572075953E-05
 1 1 0  0.00  0.00  0.00  0.566168820807E-06
 1 1 0  0.00  0.00  0.00  0.297983589898E-06
 1 1 0  0.00  0.00  0.00  0.156833468368E-06
 1 1 0  0.00  0.00  0.00  0.825439307198E-07
 1 1 0  0.00  0.00  0.00  0.434441740630E-07
 1 1 0  0.00  0.00  0.00  0.228653547700E-07
 1 1 0  0.00  0.00  0.00  0.120343972474E-07
3   // nnuc
0.0 0.0 0.0 2.0
0.0 0.0 2.0 -1.0
0.0 0.0 -2.0 -1.0
1   1  1.00000 0.0  0.00000000 0.000   //nthet,nalp,alpstrt,alpstp,thstart,thste
-9999  0.10        //min mix















 1 1 0  0.00  0.00  0.00  0.633389328810E-08
 1 1 0  0.00  0.00  0.00  0.333362804637E-08
 1 1 0  0.00  0.00  0.00  0.175454107703E-08
 1 1 0  0.00  0.00  0.00  0.923442672124E-09
 1 1 0  0.00  0.00  0.00  0.486022459012E-09
